년도,월,나이,서울특별시 영등포구,서울특별시 영등포구 영등포본동,서울특별시 영등포구 영등포동,서울특별시 영등포구 여의동,서울특별시 영등포구 당산제1동,서울특별시 영등포구 당산제2동,서울특별시 영등포구 도림동,서울특별시 영등포구 문래동,서울특별시 영등포구 양평제1동,서울특별시 영등포구 양평제2동,서울특별시 영등포구 신길제1동,서울특별시 영등포구 신길제3동,서울특별시 영등포구 신길제4동,서울특별시 영등포구 신길제5동,서울특별시 영등포구 신길제6동,서울특별시 영등포구 신길제7동,서울특별시 영등포구 대림제1동,서울특별시 영등포구 대림제2동,서울특별시 영등포구 대림제3동
2020,1,총,"185,412","10,724","12,095","18,197","10,668","19,083","9,190","16,079","8,977","11,313","8,717","8,786","4,467","4,628","9,258","8,544","6,439","6,499","11,748"
2020,1,0,"12,464",792,649,"1,546",624,"1,332",516,"1,589",638,880,350,606,170,210,544,793,250,271,704
2020,1,10,"11,715",660,409,"1,461",534,"1,119",490,"1,436",518,807,460,594,287,330,516,707,348,323,716
2020,1,20,"29,824","1,321","3,235","2,134","1,931","4,238","1,372","1,842","1,486","1,977","1,688","1,138",609,588,"1,533","1,210","1,003",958,"1,561"
2020,1,30,"31,959","1,611","2,778","2,994","2,032","4,036","1,593","3,001","2,064","2,432","1,278","1,220",481,478,"1,450","1,421",675,815,"1,600"
2020,1,40,"27,030","1,579","1,388","2,902","1,453","2,518","1,340","2,813","1,348","1,717","1,175","1,294",609,676,"1,280","1,405",901,903,"1,729"
2020,1,50,"27,636","1,816","1,341","2,645","1,551","2,403","1,445","2,002","1,048","1,512","1,278","1,519",857,880,"1,478","1,313","1,174","1,159","2,215"
2020,1,60,"22,988","1,544","1,150","2,132","1,360","1,820","1,170","1,815",955,"1,045","1,168","1,277",705,787,"1,314",931,"1,051","1,008","1,756"
2020,1,70,"14,173",927,740,"1,471",770,"1,001",814,"1,034",589,603,865,753,498,439,743,486,707,752,981
2020,1,80,"6,350",393,323,763,345,506,389,457,268,291,375,326,204,196,329,233,271,261,420
2020,1,90,"1,069",69,62,129,56,89,51,75,55,45,62,55,38,33,62,35,46,45,62
2020,1,100,204,12,20,20,12,21,10,15,8,4,18,4,9,11,9,10,13,4,4
2020,2,총,"186,640","10,684","12,223","18,212","10,700","19,098","9,197","16,091","8,980","11,312","8,730","8,763","4,453","4,742","9,229","9,588","6,438","6,483","11,717"
2020,2,0,"12,546",782,628,"1,553",613,"1,316",508,"1,577",632,871,343,607,171,248,528,966,246,259,698
2020,2,10,"11,737",657,410,"1,454",532,"1,123",480,"1,422",518,796,457,581,282,336,506,800,348,323,712
2020,2,20,"30,081","1,308","3,339","2,099","1,962","4,245","1,371","1,846","1,498","1,996","1,713","1,133",598,583,"1,565","1,324",999,948,"1,554"
2020,2,30,"32,198","1,617","2,800","3,002","2,040","4,007","1,591","2,995","2,062","2,431","1,283","1,236",489,510,"1,437","1,645",661,814,"1,578"
2020,2,40,"27,242","1,569","1,393","2,917","1,454","2,550","1,351","2,824","1,345","1,717","1,166","1,270",595,696,"1,268","1,597",906,892,"1,732"
2020,2,50,"27,769","1,806","1,355","2,648","1,553","2,411","1,450","2,009","1,050","1,509","1,273","1,512",846,891,"1,462","1,449","1,182","1,161","2,202"
2020,2,60,"23,122","1,541","1,151","2,143","1,357","1,821","1,176","1,816",951,"1,046","1,168","1,282",719,794,"1,327","1,001","1,049","1,019","1,761"
2020,2,70,"14,236",932,743,"1,470",770,"1,003",818,"1,050",589,606,869,753,491,440,740,513,716,748,985
2020,2,80,"6,423",386,322,779,350,511,390,460,273,291,378,328,215,200,327,244,271,271,427
2020,2,90,"1,082",73,62,128,57,90,52,77,54,45,62,56,38,33,60,39,48,44,64
2020,2,100,204,13,20,19,12,21,10,15,8,4,18,5,9,11,9,10,12,4,4
2020,3,총,"187,587","10,658","12,321","18,216","10,690","19,114","9,191","16,094","8,965","11,281","8,700","8,697","4,423","5,352","9,216","10,140","6,417","6,435","11,677"
2020,3,0,"12,623",778,628,"1,542",612,"1,322",504,"1,574",624,869,339,590,167,380,529,998,242,251,674
2020,3,10,"11,762",649,414,"1,456",532,"1,120",475,"1,412",514,800,447,578,276,368,506,845,351,314,705
2020,3,20,"30,455","1,322","3,407","2,132","1,987","4,244","1,395","1,871","1,504","1,990","1,726","1,124",599,642,"1,581","1,405","1,001",959,"1,566"
2020,3,30,"32,367","1,602","2,822","2,969","2,031","4,034","1,592","2,974","2,059","2,420","1,277","1,221",484,680,"1,431","1,763",658,794,"1,556"
2020,3,40,"27,211","1,546","1,394","2,915","1,434","2,535","1,333","2,821","1,340","1,713","1,149","1,258",594,788,"1,258","1,672",890,870,"1,701"
2020,3,50,"27,796","1,808","1,357","2,638","1,548","2,408","1,447","2,009","1,036","1,491","1,256","1,497",830,944,"1,446","1,561","1,170","1,154","2,196"
2020,3,60,"23,297","1,535","1,146","2,166","1,352","1,835","1,170","1,822",958,"1,055","1,172","1,279",724,845,"1,326","1,058","1,046","1,024","1,784"
2020,3,70,"14,314",948,750,"1,465",774,993,822,"1,055",591,604,872,764,489,455,739,522,723,748,"1,000"
2020,3,80,"6,475",386,324,784,352,512,392,461,278,291,381,326,211,204,329,267,277,273,427
2020,3,90,"1,083",72,59,130,56,89,51,80,53,44,63,55,40,35,62,39,47,44,64
2020,3,100,204,12,20,19,12,22,10,15,8,4,18,5,9,11,9,10,12,4,4
2020,4,총,"187,779","10,624","12,400","18,209","10,635","19,085","9,144","16,266","8,941","11,272","8,660","8,676","4,418","5,649","9,147","10,216","6,399","6,406","11,632"
2020,4,0,"12,565",763,621,"1,533",602,"1,314",492,"1,589",614,868,331,584,168,409,524,996,238,250,669
2020,4,10,"11,723",643,410,"1,458",521,"1,113",470,"1,423",508,799,444,572,277,382,494,844,351,312,702
2020,4,20,"30,536","1,321","3,442","2,131","1,966","4,227","1,404","1,926","1,516","1,975","1,721","1,122",605,697,"1,566","1,411","1,001",945,"1,560"
2020,4,30,"32,473","1,600","2,848","2,963","2,013","4,040","1,577","3,040","2,049","2,425","1,268","1,222",487,739,"1,424","1,787",647,795,"1,549"
2020,4,40,"27,174","1,539","1,409","2,919","1,433","2,525","1,318","2,834","1,335","1,713","1,141","1,251",585,813,"1,243","1,674",886,863,"1,693"
2020,4,50,"27,777","1,801","1,355","2,640","1,552","2,419","1,434","2,007","1,032","1,488","1,247","1,490",830,990,"1,436","1,579","1,161","1,143","2,173"
2020,4,60,"23,362","1,537","1,157","2,157","1,354","1,829","1,169","1,830",953,"1,063","1,172","1,282",720,887,"1,325","1,076","1,052","1,018","1,781"
2020,4,70,"14,365",948,749,"1,462",770,997,833,"1,063",595,605,871,768,487,471,736,528,725,751,"1,006"
2020,4,80,"6,510",389,326,795,355,513,384,461,278,288,383,324,211,214,330,272,277,281,429
2020,4,90,"1,087",71,63,130,57,86,53,77,53,44,64,56,39,36,60,39,49,44,66
2020,4,100,207,12,20,21,12,22,10,16,8,4,18,5,9,11,9,10,12,4,4
2020,5,총,"188,033","10,601","12,430","18,184","10,607","19,146","9,149","16,430","8,927","11,264","8,657","8,677","4,419","5,716","9,191","10,232","6,408","6,396","11,599"
2020,5,0,"12,538",764,618,"1,524",598,"1,314",496,"1,613",605,860,330,580,166,412,522,999,235,246,656
2020,5,10,"11,705",638,411,"1,455",513,"1,117",470,"1,415",506,792,447,580,283,382,493,842,346,314,701
2020,5,20,"30,618","1,322","3,457","2,110","1,964","4,248","1,405","1,964","1,510","1,976","1,719","1,118",602,706,"1,586","1,413","1,014",947,"1,557"
2020,5,30,"32,575","1,595","2,860","2,956","2,015","4,051","1,582","3,115","2,056","2,439","1,263","1,216",488,757,"1,430","1,785",651,785,"1,531"
2020,5,40,"27,120","1,525","1,410","2,917","1,419","2,539","1,320","2,859","1,316","1,710","1,137","1,251",582,828,"1,243","1,651",872,861,"1,680"
2020,5,50,"27,785","1,799","1,349","2,650","1,539","2,416","1,429","2,017","1,031","1,478","1,245","1,501",820,993,"1,446","1,597","1,160","1,136","2,179"
2020,5,60,"23,411","1,533","1,168","2,154","1,358","1,842","1,169","1,833",962,"1,062","1,170","1,271",728,894,"1,324","1,087","1,051","1,019","1,786"
2020,5,70,"14,431",953,747,"1,464",777,997,829,"1,063",596,607,874,774,487,482,746,535,734,759,"1,007"
2020,5,80,"6,538",390,327,800,355,513,381,456,282,290,390,326,216,212,332,273,283,279,433
2020,5,90,"1,105",70,63,132,57,87,58,79,55,46,65,55,38,39,60,40,50,46,65
2020,5,100,207,12,20,22,12,22,10,16,8,4,17,5,9,11,9,10,12,4,4
2020,6,총,"188,444","10,565","12,409","18,175","10,578","19,563","9,164","16,511","8,959","11,264","8,649","8,660","4,419","5,766","9,196","10,227","6,392","6,361","11,586"
2020,6,0,"12,536",750,620,"1,523",594,"1,357",494,"1,617",602,858,321,576,166,418,522,998,233,244,643
2020,6,10,"11,722",633,389,"1,461",513,"1,147",476,"1,423",512,776,447,574,285,387,497,836,350,318,698
2020,6,20,"30,703","1,313","3,472","2,104","1,952","4,301","1,426","1,981","1,510","1,981","1,728","1,117",596,715,"1,593","1,407","1,008",939,"1,560"
2020,6,30,"32,713","1,589","2,879","2,936","2,010","4,141","1,576","3,146","2,065","2,449","1,272","1,216",493,771,"1,422","1,786",650,780,"1,532"
2020,6,40,"27,168","1,530","1,395","2,917","1,412","2,618","1,317","2,864","1,341","1,702","1,134","1,249",577,828,"1,243","1,653",864,853,"1,671"
2020,6,50,"27,708","1,783","1,340","2,648","1,537","2,458","1,426","2,010","1,028","1,477","1,225","1,487",820,992,"1,441","1,597","1,151","1,122","2,166"
2020,6,60,"23,541","1,533","1,160","2,153","1,364","1,887","1,168","1,857",957,"1,070","1,185","1,275",730,909,"1,326","1,090","1,054","1,024","1,799"
2020,6,70,"14,491",960,747,"1,479",771,"1,019",831,"1,059",597,614,869,778,489,483,748,541,737,757,"1,012"
2020,6,80,"6,562",393,328,802,356,519,381,461,283,289,388,329,218,212,335,269,284,276,439
2020,6,90,"1,095",69,59,130,57,94,59,77,56,44,63,54,36,40,61,40,49,45,62
2020,6,100,205,12,20,22,12,22,10,16,8,4,17,5,9,11,8,10,12,3,4
2020,7,총,"188,941","10,573","12,437","18,206","10,628","19,830","9,157","16,558","8,938","11,268","8,666","8,640","4,431","5,774","9,195","10,238","6,446","6,344","11,612"
2020,7,0,"12,536",747,615,"1,525",595,"1,399",487,"1,611",597,849,321,566,165,417,522,996,241,246,637
2020,7,10,"11,710",626,393,"1,457",511,"1,159",475,"1,424",514,767,449,576,283,388,486,839,350,314,699
2020,7,20,"30,798","1,313","3,499","2,103","1,968","4,326","1,426","1,996","1,487","1,984","1,736","1,116",594,713,"1,616","1,411","1,023",926,"1,561"
2020,7,30,"32,893","1,613","2,880","2,928","2,027","4,212","1,583","3,153","2,082","2,469","1,262","1,218",496,774,"1,418","1,778",668,782,"1,550"
2020,7,40,"27,237","1,525","1,399","2,927","1,431","2,664","1,319","2,882","1,336","1,696","1,133","1,248",581,820,"1,235","1,663",859,846,"1,673"
2020,7,50,"27,696","1,774","1,335","2,653","1,531","2,479","1,419","2,015","1,023","1,476","1,238","1,478",818,"1,001","1,434","1,590","1,155","1,116","2,161"
2020,7,60,"23,614","1,549","1,162","2,173","1,368","1,914","1,169","1,853",958,"1,072","1,176","1,269",736,913,"1,334","1,087","1,058","1,021","1,802"
2020,7,70,"14,580",954,742,"1,482",772,"1,038",828,"1,070",596,620,882,784,494,485,749,552,745,767,"1,020"
2020,7,80,"6,562",391,333,806,356,521,377,458,283,285,388,327,218,211,332,273,285,277,441
2020,7,90,"1,110",69,59,132,57,96,64,80,54,46,64,53,37,41,61,38,50,45,64
2020,7,100,205,12,20,20,12,22,10,16,8,4,17,5,9,11,8,11,12,4,4
2020,8,총,"189,530","10,572","12,544","18,221","10,640","19,919","9,165","16,556","8,889","11,275","8,654","8,608","4,419","5,770","9,150","10,202","7,080","6,319","11,547"
2020,8,0,"12,574",755,612,"1,505",596,"1,407",487,"1,592",592,842,308,560,166,416,509,997,358,242,630
2020,8,10,"11,656",617,387,"1,464",509,"1,153",471,"1,425",505,758,450,569,281,380,474,823,376,319,695
2020,8,20,"30,937","1,320","3,582","2,112","1,976","4,351","1,448","1,976","1,496","2,000","1,734","1,103",586,713,"1,614","1,412","1,068",908,"1,538"
2020,8,30,"33,118","1,607","2,925","2,929","2,034","4,220","1,573","3,163","2,068","2,469","1,255","1,228",492,775,"1,414","1,778",859,778,"1,551"
2020,8,40,"27,239","1,520","1,393","2,920","1,426","2,672","1,314","2,894","1,332","1,698","1,136","1,235",583,814,"1,214","1,650",949,840,"1,649"
2020,8,50,"27,772","1,769","1,336","2,666","1,533","2,501","1,422","2,014","1,021","1,464","1,233","1,481",813,"1,012","1,434","1,575","1,232","1,114","2,152"
2020,8,60,"23,701","1,550","1,160","2,184","1,363","1,926","1,174","1,860",938,"1,082","1,183","1,269",739,914,"1,341","1,092","1,112","1,016","1,798"
2020,8,70,"14,638",961,736,"1,483",776,"1,046",826,"1,075",595,620,885,781,496,483,751,554,765,775,"1,030"
2020,8,80,"6,577",388,332,808,359,524,375,460,282,291,388,326,217,210,331,273,298,278,437
2020,8,90,"1,112",73,61,130,56,97,65,81,52,47,65,51,37,41,60,37,51,45,63
2020,8,100,206,12,20,20,12,22,10,16,8,4,17,5,9,12,8,11,12,4,4
2020,9,총,"189,830","10,567","12,627","18,202","10,648","19,946","9,173","16,578","8,810","11,251","8,636","8,610","4,419","5,795","9,132","10,213","7,406","6,302","11,515"
2020,9,0,"12,546",748,613,"1,495",597,"1,402",489,"1,577",579,830,304,564,166,424,501,994,400,238,625
2020,9,10,"11,647",619,388,"1,478",503,"1,162",467,"1,424",504,754,438,565,271,387,464,827,395,312,689
2020,9,20,"31,014","1,321","3,645","2,088","1,977","4,355","1,456","1,975","1,492","2,005","1,726","1,119",585,708,"1,621","1,407","1,096",904,"1,534"
2020,9,30,"33,123","1,586","2,923","2,915","2,037","4,228","1,560","3,164","2,057","2,463","1,265","1,223",491,774,"1,410","1,777",933,776,"1,541"
2020,9,40,"27,261","1,517","1,397","2,917","1,415","2,663","1,318","2,893","1,328","1,705","1,123","1,235",578,822,"1,208","1,657","1,000",844,"1,641"
2020,9,50,"27,819","1,764","1,347","2,669","1,541","2,508","1,419","2,036","1,006","1,461","1,237","1,467",813,"1,008","1,436","1,575","1,277","1,121","2,134"
2020,9,60,"23,781","1,564","1,156","2,194","1,367","1,937","1,185","1,867",923,"1,075","1,192","1,271",747,917,"1,340","1,091","1,152","1,001","1,802"
2020,9,70,"14,658",966,740,"1,481",778,"1,046",823,"1,079",585,614,883,783,500,487,744,559,784,778,"1,028"
2020,9,80,"6,645",396,335,816,367,523,380,465,274,287,386,326,222,216,339,278,302,278,455
2020,9,90,"1,130",74,63,129,54,100,66,82,54,53,65,52,37,40,61,37,55,46,62
2020,9,100,206,12,20,20,12,22,10,16,8,4,17,5,9,12,8,11,12,4,4
2020,10,총,"190,507","10,506","12,704","18,164","10,615","19,954","9,159","16,779","8,752","11,273","8,591","8,575","5,082","5,795","9,092","10,214","7,475","6,301","11,476"
2020,10,0,"12,583",733,613,"1,486",589,"1,392",484,"1,618",562,825,305,565,251,417,499,993,408,229,614
2020,10,10,"11,650",607,396,"1,478",500,"1,157",458,"1,429",506,754,432,558,319,387,459,822,394,307,687
2020,10,20,"31,070","1,312","3,684","2,079","1,964","4,346","1,466","1,993","1,501","2,007","1,705","1,104",652,709,"1,619","1,400","1,101",898,"1,530"
2020,10,30,"33,317","1,584","2,948","2,892","2,023","4,254","1,552","3,221","2,033","2,490","1,270","1,222",636,774,"1,397","1,776",949,779,"1,517"
2020,10,40,"27,329","1,501","1,397","2,913","1,419","2,658","1,307","2,929","1,312","1,687","1,109","1,229",711,828,"1,196","1,660","1,007",833,"1,633"
2020,10,50,"27,866","1,750","1,349","2,674","1,525","2,506","1,419","2,059",987,"1,466","1,237","1,458",882,"1,002","1,431","1,573","1,284","1,126","2,138"
2020,10,60,"23,920","1,569","1,160","2,183","1,379","1,942","1,194","1,869",917,"1,087","1,184","1,278",813,919,"1,347","1,094","1,169","1,011","1,805"
2020,10,70,"14,706",971,740,"1,488",781,"1,051",821,"1,077",593,614,879,777,523,490,733,564,788,785,"1,031"
2020,10,80,"6,716",395,334,819,367,527,382,482,279,286,389,328,245,216,343,282,307,281,454
2020,10,90,"1,143",71,63,131,56,100,66,86,54,53,64,51,41,41,60,39,56,48,63
2020,10,100,207,13,20,21,12,21,10,16,8,4,17,5,9,12,8,11,12,4,4
2020,11,총,"191,215","10,474","12,838","18,147","10,620","19,932","9,095","16,885","8,763","11,257","8,586","8,591","5,766","5,772","9,065","10,207","7,467","6,315","11,435"
2020,11,0,"12,631",723,627,"1,482",577,"1,389",478,"1,635",550,814,299,566,361,417,485,991,404,229,604
2020,11,10,"11,610",601,401,"1,469",499,"1,157",448,"1,423",501,756,432,558,349,385,451,805,392,306,677
2020,11,20,"31,148","1,309","3,707","2,071","1,964","4,313","1,456","2,003","1,524","2,006","1,708","1,099",716,703,"1,622","1,393","1,102",915,"1,537"
2020,11,30,"33,528","1,580","3,005","2,879","2,029","4,248","1,529","3,242","2,058","2,502","1,276","1,230",785,764,"1,392","1,784",941,777,"1,507"
2020,11,40,"27,402","1,499","1,411","2,911","1,415","2,668","1,293","2,954","1,297","1,675","1,103","1,230",844,826,"1,195","1,658",998,824,"1,601"
2020,11,50,"27,971","1,745","1,349","2,674","1,532","2,504","1,420","2,069",992,"1,457","1,232","1,464",971,"1,004","1,433","1,572","1,289","1,128","2,136"
2020,11,60,"24,081","1,571","1,181","2,193","1,381","1,946","1,200","1,893",916,"1,089","1,189","1,274",889,914,"1,342","1,100","1,174","1,015","1,814"
2020,11,70,"14,749",966,736,"1,483",786,"1,059",816,"1,081",586,620,877,784,548,486,732,572,789,790,"1,038"
2020,11,80,"6,735",396,336,830,368,527,381,487,278,280,388,328,250,219,345,281,309,279,453
2020,11,90,"1,152",71,65,134,57,100,64,83,53,54,65,53,44,41,60,39,57,48,64
2020,11,100,208,13,20,21,12,21,10,15,8,4,17,5,9,13,8,12,12,4,4
2020,12,총,"191,833","10,460","13,012","18,103","10,559","19,930","9,082","16,924","8,825","11,263","8,592","8,576","6,103","5,766","9,252","10,165","7,486","6,311","11,424"
2020,12,0,"12,671",718,632,"1,471",574,"1,378",476,"1,638",550,818,300,569,411,418,507,996,404,220,591
2020,12,10,"11,620",591,397,"1,461",496,"1,163",445,"1,423",509,756,434,550,383,382,462,787,394,302,685
2020,12,20,"31,316","1,314","3,807","2,080","1,942","4,300","1,475","2,017","1,565","1,999","1,718","1,098",740,698,"1,636","1,389","1,098",924,"1,516"
2020,12,30,"33,672","1,575","3,035","2,866","2,012","4,250","1,524","3,223","2,068","2,506","1,277","1,237",872,770,"1,446","1,765",952,776,"1,518"
2020,12,40,"27,408","1,488","1,434","2,895","1,407","2,663","1,277","2,966","1,303","1,668","1,104","1,207",909,817,"1,220","1,650",992,812,"1,596"
2020,12,50,"28,017","1,746","1,361","2,663","1,523","2,510","1,425","2,082",997,"1,463","1,217","1,457","1,000","1,002","1,459","1,561","1,293","1,128","2,130"
2020,12,60,"24,196","1,578","1,194","2,195","1,382","1,946","1,195","1,900",901,"1,098","1,194","1,280",922,916,"1,373","1,104","1,177","1,022","1,819"
2020,12,70,"14,814",968,733,"1,493",783,"1,070",809,"1,089",592,616,878,791,561,486,736,579,791,791,"1,048"
2020,12,80,"6,757",397,332,826,373,527,382,488,281,283,389,326,253,222,344,283,314,283,454
2020,12,90,"1,150",72,67,130,55,102,64,82,50,52,63,56,43,42,61,39,59,49,64
2020,12,100,212,13,20,23,12,21,10,16,9,4,18,5,9,13,8,12,12,4,3
2021,1,총,"192,209","10,445","13,155","18,044","10,563","19,954","9,060","16,939","8,845","11,227","8,588","8,580","6,152","5,731","9,613","10,129","7,489","6,294","11,401"
2021,1,0,"12,631",714,620,"1,468",566,"1,370",475,"1,627",550,807,297,564,411,412,554,981,410,216,589
2021,1,10,"11,610",581,396,"1,452",492,"1,167",438,"1,416",500,753,436,552,385,380,503,791,391,301,676
2021,1,20,"31,405","1,315","3,881","2,069","1,948","4,306","1,476","2,005","1,569","1,981","1,741","1,094",748,682,"1,687","1,370","1,102",922,"1,509"
2021,1,30,"33,769","1,571","3,070","2,854","2,021","4,243","1,515","3,237","2,108","2,505","1,267","1,238",885,768,"1,490","1,755",949,769,"1,524"
2021,1,40,"27,394","1,490","1,462","2,870","1,392","2,664","1,267","2,979","1,289","1,652","1,089","1,207",918,807,"1,288","1,650",990,796,"1,584"
2021,1,50,"28,050","1,733","1,372","2,661","1,530","2,527","1,414","2,090",992,"1,466","1,226","1,448","1,004","1,002","1,518","1,550","1,290","1,130","2,097"
2021,1,60,"24,340","1,587","1,204","2,198","1,383","1,954","1,205","1,913",911,"1,103","1,189","1,293",935,916,"1,401","1,116","1,169","1,023","1,840"
2021,1,70,"14,853",973,730,"1,485",787,"1,073",809,"1,086",584,618,877,790,561,486,753,583,799,799,"1,060"
2021,1,80,"6,796",398,329,834,376,530,386,487,282,287,387,333,252,224,348,284,317,284,458
2021,1,90,"1,148",71,70,129,56,100,65,82,51,51,60,56,44,41,63,37,60,50,62
2021,1,100,213,12,21,24,12,20,10,17,9,4,19,5,9,13,8,12,12,4,2
2021,2,총,"192,414","10,442","13,294","18,047","10,536","19,960","9,013","16,880","8,875","11,226","8,578","8,549","6,195","5,726","9,821","10,082","7,516","6,272","11,402"
2021,2,0,"12,548",695,613,"1,457",546,"1,369",464,"1,609",549,789,296,558,420,409,596,974,408,211,585
2021,2,10,"11,602",579,409,"1,453",485,"1,157",435,"1,402",507,755,429,554,384,380,523,784,392,301,673
2021,2,20,"31,477","1,326","3,962","2,075","1,956","4,321","1,459","1,999","1,561","1,992","1,745","1,084",752,683,"1,685","1,356","1,098",919,"1,504"
2021,2,30,"33,831","1,569","3,120","2,834","2,010","4,236","1,514","3,223","2,134","2,502","1,258","1,234",883,762,"1,557","1,742",965,765,"1,523"
2021,2,40,"27,365","1,488","1,467","2,873","1,384","2,664","1,257","2,958","1,286","1,645","1,095","1,198",929,810,"1,312","1,638",990,786,"1,585"
2021,2,50,"28,055","1,729","1,364","2,659","1,526","2,526","1,409","2,105",993,"1,469","1,217","1,443","1,016",993,"1,548","1,546","1,295","1,125","2,092"
2021,2,60,"24,445","1,594","1,194","2,218","1,395","1,962","1,208","1,912",917,"1,110","1,189","1,291",944,923,"1,419","1,121","1,176","1,026","1,846"
2021,2,70,"14,871",974,744,"1,477",784,"1,075",801,"1,080",583,625,881,786,559,488,759,586,801,801,"1,067"
2021,2,80,"6,860",406,331,844,380,530,392,492,286,287,392,340,256,225,352,285,317,285,460
2021,2,90,"1,145",70,69,133,58,100,63,83,50,48,57,55,43,40,62,38,62,49,65
2021,2,100,215,12,21,24,12,20,11,17,9,4,19,6,9,13,8,12,12,4,2
2021,3,총,"190,898","10,381","13,248","17,745","10,470","19,836","8,913","16,782","8,843","11,214","8,467","8,483","6,160","5,631","9,755","9,986","7,459","6,198","11,327"
2021,3,0,"12,481",694,616,"1,433",527,"1,363",467,"1,618",559,791,291,551,423,409,586,964,408,209,572
2021,3,10,"11,579",582,419,"1,454",488,"1,144",433,"1,398",505,739,418,556,381,377,528,786,394,300,677
2021,3,20,"31,581","1,327","4,033","2,058","1,956","4,341","1,443","1,999","1,574","2,041","1,756","1,090",745,671,"1,680","1,359","1,094",920,"1,494"
2021,3,30,"33,782","1,571","3,143","2,795","2,020","4,238","1,516","3,193","2,147","2,513","1,259","1,229",885,764,"1,560","1,721",960,751,"1,517"
2021,3,40,"27,136","1,470","1,460","2,842","1,364","2,651","1,256","2,964","1,276","1,626","1,081","1,187",925,792,"1,303","1,629",984,770,"1,556"
2021,3,50,"27,793","1,715","1,328","2,625","1,513","2,513","1,393","2,086",993,"1,472","1,191","1,435","1,010",968,"1,550","1,536","1,287","1,102","2,076"
2021,3,60,"24,161","1,587","1,173","2,181","1,389","1,920","1,178","1,900",894,"1,096","1,176","1,273",948,916,"1,410","1,108","1,158","1,018","1,836"
2021,3,70,"14,499",959,703,"1,418",773,"1,048",778,"1,046",568,599,853,767,550,474,732,563,798,794,"1,076"
2021,3,80,"6,760",404,313,815,381,523,388,492,278,289,386,337,250,219,349,279,315,286,456
2021,3,90,"1,074",64,59,119,56,92,58,81,46,46,51,54,42,39,56,39,60,46,66
2021,3,100,52,8,1,5,3,3,3,5,3,2,5,4,1,2,1,2,1,2,1
2021,4,총,"191,044","10,360","13,337","17,716","10,434","19,869","8,904","16,796","8,994","11,216","8,460","8,480","6,171","5,596","9,781","10,003","7,445","6,184","11,298"
2021,4,0,"12,482",690,621,"1,421",519,"1,358",456,"1,620",592,793,285,550,428,408,585,970,412,208,566
2021,4,10,"11,522",578,412,"1,445",485,"1,146",440,"1,392",505,734,418,549,378,373,526,789,393,293,666
2021,4,20,"31,658","1,328","4,088","2,076","1,927","4,346","1,440","1,998","1,594","2,048","1,741","1,102",742,659,"1,705","1,353","1,089",932,"1,490"
2021,4,30,"33,834","1,556","3,161","2,775","2,047","4,257","1,521","3,202","2,180","2,508","1,263","1,223",896,753,"1,545","1,734",950,741,"1,522"
2021,4,40,"27,136","1,468","1,468","2,835","1,350","2,659","1,255","2,958","1,306","1,624","1,085","1,183",927,793,"1,307","1,617",981,772,"1,548"
2021,4,50,"27,700","1,706","1,331","2,619","1,500","2,496","1,386","2,094",994,"1,460","1,199","1,431",995,959,"1,555","1,528","1,276","1,102","2,069"
2021,4,60,"24,288","1,595","1,180","2,194","1,385","1,932","1,178","1,907",924,"1,109","1,175","1,282",960,916,"1,416","1,113","1,164","1,020","1,838"
2021,4,70,"14,491",963,702,"1,407",775,"1,047",777,"1,041",573,600,850,761,548,476,736,576,800,783,"1,076"
2021,4,80,"6,808",408,314,822,388,531,390,497,280,290,386,341,255,219,346,281,318,286,456
2021,4,90,"1,074",61,59,116,55,94,58,82,43,48,54,54,41,38,59,40,61,45,66
2021,4,100,51,7,1,6,3,3,3,5,3,2,4,4,1,2,1,2,1,2,1
2021,5,총,"191,013","10,379","13,365","17,689","10,415","19,826","8,884","16,792","9,100","11,277","8,438","8,482","6,175","5,568","9,769","9,996","7,434","6,194","11,230"
2021,5,0,"12,463",690,615,"1,417",515,"1,359",449,"1,617",600,789,284,561,428,409,575,971,417,206,561
2021,5,10,"11,449",577,411,"1,446",478,"1,127",439,"1,398",508,726,412,539,372,366,522,783,395,290,660
2021,5,20,"31,731","1,338","4,139","2,055","1,922","4,340","1,439","1,989","1,621","2,087","1,722","1,120",746,653,"1,716","1,360","1,065",937,"1,482"
2021,5,30,"33,753","1,555","3,162","2,754","2,054","4,234","1,507","3,183","2,207","2,524","1,266","1,216",896,747,"1,539","1,709",948,739,"1,513"
2021,5,40,"27,083","1,462","1,479","2,845","1,342","2,661","1,249","2,959","1,328","1,620","1,075","1,163",909,793,"1,300","1,623",976,776,"1,523"
2021,5,50,"27,691","1,712","1,310","2,616","1,489","2,487","1,383","2,109","1,001","1,477","1,192","1,441","1,004",947,"1,564","1,527","1,276","1,100","2,056"
2021,5,60,"24,374","1,591","1,188","2,202","1,391","1,947","1,187","1,905",931,"1,115","1,189","1,285",966,918,"1,411","1,125","1,175","1,019","1,829"
2021,5,70,"14,486",973,687,"1,399",775,"1,048",774,"1,044",579,596,848,758,551,479,737,577,798,786,"1,077"
2021,5,80,"6,851",413,316,828,389,525,394,501,278,293,391,342,262,217,347,279,322,293,461
2021,5,90,"1,081",61,57,120,57,95,60,82,44,48,55,54,40,37,57,40,61,46,67
2021,5,100,51,7,1,7,3,3,3,5,3,2,4,3,1,2,1,2,1,2,1
2021,6,총,"190,939","10,361","13,433","17,654","10,414","19,810","8,869","16,777","9,151","11,261","8,421","8,484","6,175","5,548","9,771","9,989","7,408","6,178","11,235"
2021,6,0,"12,412",690,610,"1,414",509,"1,346",447,"1,612",608,785,279,563,430,407,568,970,416,202,556
2021,6,10,"11,423",573,408,"1,435",477,"1,136",437,"1,403",501,718,407,538,372,363,522,785,392,292,664
2021,6,20,"31,672","1,334","4,160","2,039","1,907","4,310","1,427","1,966","1,647","2,097","1,702","1,125",746,655,"1,726","1,358","1,051",935,"1,487"
2021,6,30,"33,777","1,544","3,213","2,735","2,070","4,237","1,512","3,171","2,224","2,524","1,284","1,203",897,744,"1,540","1,679",942,739,"1,519"
2021,6,40,"27,103","1,462","1,482","2,864","1,356","2,660","1,242","2,978","1,343","1,613","1,067","1,162",908,784,"1,297","1,639",971,765,"1,510"
2021,6,50,"27,577","1,714","1,307","2,627","1,478","2,490","1,370","2,091",986,"1,465","1,188","1,437",997,945,"1,557","1,525","1,265","1,097","2,038"
2021,6,60,"24,479","1,592","1,188","2,187","1,392","1,958","1,202","1,924",937,"1,119","1,188","1,298",976,921,"1,415","1,131","1,178","1,017","1,856"
2021,6,70,"14,477",967,687,"1,395",776,"1,044",771,"1,038",579,600,855,757,549,476,737,581,804,786,"1,075"
2021,6,80,"6,886",419,321,832,386,529,398,506,280,290,394,343,258,214,351,278,328,296,463
2021,6,90,"1,086",59,56,121,60,97,60,83,44,48,54,55,41,37,57,41,60,47,66
2021,6,100,47,7,1,5,3,3,3,5,2,2,3,3,1,2,1,2,1,2,1
2021,7,총,"190,976","10,347","13,531","17,625","10,377","19,831","8,849","16,761","9,204","11,304","8,432","8,477","6,184","5,538","9,782","9,996","7,383","6,157","11,198"
2021,7,0,"12,392",680,620,"1,407",509,"1,341",452,"1,616",604,772,282,560,434,408,566,973,413,203,552
2021,7,10,"11,452",574,413,"1,437",473,"1,140",436,"1,408",499,719,408,539,376,367,534,792,386,292,659
2021,7,20,"31,647","1,330","4,208","2,031","1,888","4,311","1,406","1,944","1,654","2,117","1,698","1,119",746,658,"1,725","1,361","1,051",921,"1,479"
2021,7,30,"33,760","1,525","3,240","2,706","2,075","4,261","1,499","3,167","2,245","2,542","1,296","1,200",899,734,"1,524","1,673",929,734,"1,511"
2021,7,40,"27,098","1,463","1,487","2,868","1,348","2,651","1,232","2,980","1,366","1,629","1,061","1,162",900,781,"1,303","1,652",958,762,"1,495"
2021,7,50,"27,494","1,711","1,306","2,635","1,456","2,477","1,376","2,091",982,"1,457","1,185","1,433","1,002",940,"1,549","1,503","1,279","1,086","2,026"
2021,7,60,"24,573","1,606","1,189","2,180","1,402","1,970","1,212","1,923",941,"1,128","1,196","1,303",978,926,"1,427","1,129","1,172","1,027","1,864"
2021,7,70,"14,507",970,688,"1,398",774,"1,046",769,"1,033",588,596,857,760,547,470,744,590,810,786,"1,081"
2021,7,80,"6,913",420,324,835,386,531,405,510,278,293,393,344,260,213,354,280,324,300,463
2021,7,90,"1,088",61,55,122,63,100,59,82,44,49,53,53,41,39,55,41,60,44,67
2021,7,100,52,7,1,6,3,3,3,7,3,2,3,4,1,2,1,2,1,2,1
2021,8,총,"191,129","10,322","13,686","17,607","10,340","19,926","8,866","16,731","9,238","11,328","8,473","8,429","6,193","5,519","9,801","9,989","7,352","6,133","11,196"
2021,8,0,"12,345",675,618,"1,393",511,"1,335",455,"1,608",606,783,287,551,430,402,565,975,407,195,549
2021,8,10,"11,413",569,414,"1,433",473,"1,140",435,"1,408",495,710,402,525,381,368,536,794,384,294,652
2021,8,20,"31,731","1,333","4,298","2,022","1,870","4,382","1,391","1,917","1,672","2,108","1,718","1,105",747,654,"1,721","1,356","1,034",915,"1,488"
2021,8,30,"33,853","1,516","3,292","2,706","2,069","4,294","1,516","3,178","2,245","2,569","1,298","1,198",886,733,"1,534","1,650",933,729,"1,507"
2021,8,40,"27,014","1,452","1,488","2,867","1,340","2,636","1,223","2,974","1,382","1,620","1,061","1,160",906,773,"1,296","1,650",946,753,"1,487"
2021,8,50,"27,537","1,716","1,316","2,634","1,448","2,491","1,387","2,100",981,"1,467","1,191","1,417","1,007",933,"1,558","1,506","1,276","1,079","2,030"
2021,8,60,"24,631","1,609","1,192","2,181","1,412","1,967","1,218","1,915",946,"1,134","1,199","1,304",980,928,"1,432","1,138","1,175","1,031","1,870"
2021,8,70,"14,511",961,686,"1,405",771,"1,050",769,"1,032",584,592,856,766,554,474,746,589,811,785,"1,080"
2021,8,80,"6,945",423,323,840,379,531,408,512,280,292,402,344,261,213,355,288,323,306,465
2021,8,90,"1,099",61,59,121,64,98,61,80,43,51,56,55,40,39,57,41,62,44,67
2021,8,100,50,7,0,5,3,2,3,7,4,2,3,4,1,2,1,2,1,2,1
2021,9,총,"191,122","10,333","13,760","17,573","10,332","19,936","8,838","16,735","9,240","11,336","8,482","8,417","6,193","5,512","9,838","9,974","7,339","6,098","11,186"
2021,9,0,"12,284",676,606,"1,379",508,"1,328",446,"1,602",602,781,282,546,429,397,572,977,413,190,550
2021,9,10,"11,397",573,416,"1,439",472,"1,137",433,"1,417",496,706,395,522,378,366,539,789,384,291,644
2021,9,20,"31,704","1,323","4,351","2,006","1,866","4,374","1,385","1,899","1,666","2,103","1,727","1,106",747,656,"1,724","1,337","1,035",918,"1,481"
2021,9,30,"33,904","1,517","3,306","2,693","2,066","4,308","1,507","3,181","2,251","2,575","1,315","1,206",897,725,"1,544","1,664",922,725,"1,502"
2021,9,40,"26,965","1,450","1,489","2,860","1,352","2,635","1,224","2,963","1,383","1,624","1,055","1,151",894,771,"1,289","1,650",933,749,"1,493"
2021,9,50,"27,545","1,728","1,327","2,633","1,432","2,494","1,383","2,113",984,"1,465","1,187","1,411","1,008",940,"1,567","1,496","1,287","1,066","2,024"
2021,9,60,"24,683","1,604","1,195","2,189","1,418","1,978","1,223","1,921",948,"1,145","1,208","1,310",980,923,"1,444","1,141","1,169","1,020","1,867"
2021,9,70,"14,523",967,690,"1,404",771,"1,051",765,"1,038",586,585,849,767,556,476,748,590,812,785,"1,083"
2021,9,80,"6,959",426,319,842,376,534,405,512,277,301,406,342,264,217,352,286,319,309,472
2021,9,90,"1,108",62,61,123,68,95,64,82,43,49,55,52,39,39,58,42,64,43,69
2021,9,100,50,7,0,5,3,2,3,7,4,2,3,4,1,2,1,2,1,2,1
2021,10,총,"191,134","10,369","13,798","17,570","10,354","19,917","8,808","16,705","9,262","11,366","8,472","8,443","6,193","5,505","9,807","10,008","7,326","6,086","11,145"
2021,10,0,"12,239",676,599,"1,372",511,"1,322",440,"1,587",601,776,280,552,427,393,564,990,411,192,546
2021,10,10,"11,361",587,406,"1,434",474,"1,138",428,"1,431",497,700,389,522,376,363,529,783,381,290,633
2021,10,20,"31,628","1,319","4,376","2,001","1,876","4,333","1,379","1,876","1,661","2,127","1,723","1,104",748,656,"1,704","1,335","1,018",916,"1,476"
2021,10,30,"33,974","1,533","3,330","2,693","2,074","4,327","1,506","3,169","2,278","2,580","1,314","1,221",890,719,"1,539","1,667",925,723,"1,486"
2021,10,40,"26,918","1,442","1,495","2,862","1,353","2,625","1,206","2,980","1,375","1,612","1,050","1,156",897,766,"1,301","1,641",927,743,"1,487"
2021,10,50,"27,564","1,733","1,312","2,630","1,434","2,507","1,379","2,106",985,"1,480","1,186","1,407","1,010",947,"1,561","1,511","1,291","1,057","2,028"
2021,10,60,"24,772","1,604","1,209","2,198","1,417","1,994","1,235","1,920",954,"1,153","1,217","1,309",986,926,"1,442","1,156","1,166","1,025","1,861"
2021,10,70,"14,516",970,687,"1,402",770,"1,043",763,"1,032",587,586,848,769,554,476,749,588,823,787,"1,082"
2021,10,80,"6,999",433,321,845,373,535,407,516,275,301,406,345,266,220,358,292,321,308,477
2021,10,90,"1,112",65,63,127,69,91,64,81,46,49,56,53,38,37,59,43,62,43,66
2021,10,100,51,7,0,6,3,2,1,7,3,2,3,5,1,2,1,2,1,2,3
2021,11,총,"191,001","10,361","13,866","17,532","10,353","19,898","8,794","16,692","9,271","11,354","8,484","8,417","6,202","5,472","9,796","10,016","7,313","6,067","11,113"
2021,11,0,"12,152",673,590,"1,358",506,"1,309",436,"1,578",598,775,282,543,430,390,563,983,406,190,542
2021,11,10,"11,344",586,406,"1,430",468,"1,142",424,"1,426",505,701,389,529,371,363,527,789,370,284,634
2021,11,20,"31,552","1,323","4,421","1,991","1,873","4,299","1,382","1,873","1,653","2,112","1,704","1,088",752,646,"1,695","1,351","1,009",918,"1,462"
2021,11,30,"34,006","1,529","3,360","2,684","2,071","4,330","1,501","3,159","2,289","2,593","1,334","1,220",887,713,"1,537","1,668",924,728,"1,479"
2021,11,40,"26,899","1,439","1,500","2,851","1,351","2,641","1,199","2,988","1,380","1,618","1,054","1,152",898,754,"1,294","1,639",931,732,"1,478"
2021,11,50,"27,528","1,727","1,320","2,627","1,437","2,507","1,382","2,115",979,"1,468","1,182","1,402","1,014",937,"1,556","1,507","1,283","1,061","2,024"
2021,11,60,"24,814","1,605","1,205","2,218","1,422","1,995","1,230","1,913",954,"1,149","1,224","1,316",989,935,"1,449","1,159","1,169","1,018","1,864"
2021,11,70,"14,506",970,679,"1,400",781,"1,047",768,"1,033",583,585,848,761,551,472,748,584,832,782,"1,082"
2021,11,80,"7,036",432,322,843,374,535,404,521,279,303,409,348,271,225,368,290,324,309,479
2021,11,90,"1,116",70,63,124,68,91,67,79,48,48,55,54,38,36,58,44,64,43,66
2021,11,100,48,7,0,6,2,2,1,7,3,2,3,4,1,1,1,2,1,2,3
2021,12,총,"190,911","10,358","13,886","17,552","10,352","19,922","8,784","16,663","9,313","11,344","8,511","8,377","6,198","5,449","9,764","10,007","7,292","6,033","11,106"
2021,12,0,"12,086",672,581,"1,350",502,"1,317",431,"1,575",599,765,291,541,430,387,554,969,398,189,535
2021,12,10,"11,333",581,408,"1,444",460,"1,146",425,"1,434",509,702,388,522,366,359,524,793,361,281,630
2021,12,20,"31,506","1,319","4,440","1,991","1,879","4,290","1,369","1,862","1,670","2,093","1,709","1,067",755,655,"1,680","1,340","1,015",910,"1,462"
2021,12,30,"34,003","1,524","3,386","2,674","2,076","4,339","1,502","3,131","2,281","2,612","1,354","1,213",886,703,"1,534","1,674",916,728,"1,470"
2021,12,40,"26,879","1,441","1,504","2,847","1,344","2,636","1,202","2,988","1,397","1,607","1,048","1,153",893,758,"1,290","1,635",939,722,"1,475"
2021,12,50,"27,539","1,738","1,311","2,644","1,441","2,506","1,378","2,117",985,"1,472","1,187","1,402","1,019",927,"1,552","1,505","1,279","1,052","2,024"
2021,12,60,"24,818","1,614","1,201","2,220","1,414","2,007","1,236","1,906",956,"1,154","1,224","1,314",982,939,"1,441","1,158","1,170","1,016","1,866"
2021,12,70,"14,532",972,667,"1,412",784,"1,053",771,"1,038",587,589,844,753,557,466,758,593,824,779,"1,085"
2021,12,80,"7,074",429,323,846,381,535,403,522,280,301,413,356,271,220,373,295,327,309,490
2021,12,90,"1,101",67,65,119,69,91,66,83,46,47,50,52,38,34,58,43,63,45,65
2021,12,100,40,1,0,5,2,2,1,7,3,2,3,4,1,1,0,2,0,2,4
