카테고리,경기도,경기도 수원시,경기도 수원시 장안구,경기도 수원시 권선구,경기도 수원시 팔달구,경기도 수원시 영통구,경기도 성남시,경기도 성남시 수정구,경기도 성남시 중원구,경기도 성남시 분당구,경기도 의정부시,경기도 안양시,경기도 안양시 만안구,경기도 안양시 동안구,경기도 부천시,경기도 광명시,경기도 평택시,경기도 동두천시,경기도 안산시,경기도 안산시 상록구,경기도 안산시 단원구,경기도 고양시,경기도 고양시 덕양구,경기도 고양시 일산동구,경기도 고양시 일산서구,경기도 과천시,경기도 구리시,경기도 남양주시,경기도 오산시,경기도 시흥시,경기도 군포시,경기도 의왕시,경기도 하남시,경기도 용인시,경기도 용인시 처인구,경기도 용인시 기흥구,경기도 용인시 수지구,경기도 파주시,경기도 이천시,경기도 안성시,경기도 김포시,경기도 화성시,경기도 광주시,경기도 양주시,경기도 포천시,경기도 여주시,경기도 연천군,경기도 가평군,경기도 양평군
2020년01월_계_총인구수,"13,250,368","1,193,894","277,846","371,509","175,698","368,841","942,649","234,614","219,921","488,114","451,876","565,352","243,176","322,176","828,947","315,920","514,876","94,719","650,559","344,245","306,314","1,068,641","467,673","298,093","302,875","58,334","199,015","702,545","226,736","475,396","275,989","162,472","273,587","1,061,440","253,896","437,146","370,398","453,961","215,885","183,369","437,789","818,760","373,274","222,275","148,137","111,017","43,741","62,303","116,910"
2020년01월_계_연령구간인구수,"13,250,368","1,193,894","277,846","371,509","175,698","368,841","942,649","234,614","219,921","488,114","451,876","565,352","243,176","322,176","828,947","315,920","514,876","94,719","650,559","344,245","306,314","1,068,641","467,673","298,093","302,875","58,334","199,015","702,545","226,736","475,396","275,989","162,472","273,587","1,061,440","253,896","437,146","370,398","453,961","215,885","183,369","437,789","818,760","373,274","222,275","148,137","111,017","43,741","62,303","116,910"
2020년01월_계_0~9세,"1,180,483","103,729","19,942","34,496","10,341","38,950","71,758","15,976","14,150","41,632","35,089","42,436","16,629","25,807","61,547","25,494","48,327","6,879","46,175","23,793","22,382","84,767","38,922","21,818","24,027","4,530","16,218","67,209","25,098","46,857","22,392","13,230","29,609","105,068","22,151","45,547","37,370","45,061","19,870","14,815","51,846","105,610","36,137","19,748","9,218","7,681","2,913","3,582","7,590"
2020년01월_계_10~19세,"1,351,772","123,236","30,338","34,608","14,709","43,581","90,958","17,801","17,676","55,481","43,635","55,356","19,897","35,459","74,101","32,841","53,123","8,967","67,575","35,391","32,184","108,827","42,545","30,783","35,499","6,326","19,002","77,745","24,934","49,923","27,965","15,235","23,729","122,792","25,261","51,659","45,872","48,577","22,524","18,195","44,875","93,208","33,533","23,803","13,049","9,904","3,312","4,803","9,719"
2020년01월_계_20~29세,"1,771,845","186,375","44,254","55,109","28,172","58,840","132,345","33,885","31,573","66,887","62,493","80,888","35,340","45,548","119,505","40,872","69,169","11,196","105,142","56,682","48,460","149,772","62,359","44,526","42,887","8,033","27,463","82,959","30,575","66,247","38,280","22,919","32,477","132,617","33,268","53,920","45,429","55,235","28,889","21,505","47,539","97,224","43,908","26,238","17,843","12,064","5,444","6,182","10,447"
2020년01월_계_30~39세,"1,920,085","184,482","34,198","60,732","25,195","64,357","139,206","35,009","31,992","72,205","59,654","80,258","34,305","45,953","120,614","44,907","76,949","10,585","85,672","43,673","41,999","141,632","66,274","38,588","36,770","7,847","27,426","91,704","39,937","73,951","39,832","22,275","46,893","148,937","34,718","62,185","52,034","67,454","30,754","23,485","70,651","149,761","59,500","27,446","14,973","11,916","4,288","5,945","11,151"
2020년01월_계_40~49세,"2,294,108","206,165","47,262","61,810","28,254","68,839","160,335","37,270","34,393","88,672","74,524","91,667","36,302","55,365","132,845","54,981","90,548","14,870","111,005","58,493","52,512","185,649","78,583","52,775","54,291","9,194","33,505","129,102","42,187","86,826","45,729","25,194","47,500","200,806","43,359","84,864","72,583","79,166","34,930","29,968","80,818","156,100","64,822","38,617","21,379","16,192","5,079","8,048","16,357"
2020년01월_계_50~59세,"2,201,660","196,083","49,388","62,621","30,824","53,250","156,276","40,422","39,708","76,146","78,789","100,827","44,647","56,180","150,596","52,477","83,798","16,376","126,198","66,997","59,201","191,834","81,546","55,007","55,281","10,262","35,932","114,056","32,356","83,257","48,346","29,872","40,421","158,617","42,553","63,270","52,794","69,764","34,966","30,812","62,860","108,521","61,699","36,828","29,664","20,161","7,393","11,635","20,984"
2020년01월_계_60~69세,"1,410,184","111,269","28,714","36,813","21,211","24,531","107,115","30,871","29,161","47,083","52,511","67,148","32,501","34,647","102,941","37,314","49,994","12,431","64,375","33,907","30,468","110,048","51,850","29,758","28,440","6,509","22,731","76,916","18,108","40,752","30,536","19,957","31,921","99,383","28,782","38,768","31,833","45,367","23,787","23,169","44,154","62,479","43,938","26,305","22,464","17,131","7,124","11,245","21,062"
2020년01월_계_70~79세,"740,409","54,808","15,360","16,944","11,610","10,894","56,527","16,429","14,871","25,227","30,318","30,860","15,894","14,966","44,753","18,300","27,631","8,704","28,611","16,232","12,379","60,493","29,614","15,223","15,656","3,478","11,461","43,040","9,336","18,151","14,590","8,926","14,782","63,594","15,545","25,369","22,680","28,083","12,800","13,227","23,995","30,290","20,868","15,704","12,412","10,082","5,081","6,825","12,679"
2020년01월_계_80~89세,"327,622","23,793","7,164","7,199","4,610","4,820","23,720","5,883","5,379","12,458","12,939","13,756","6,675","7,081","18,892","7,512","13,264","4,067","13,730","7,875","5,855","30,944","13,866","8,297","8,781","1,745","4,582","17,178","3,713","8,178","7,135","4,114","5,220","25,571","7,121","9,958","8,492","13,160","6,403","7,210","9,618","13,604","7,642","6,591","6,141","5,089","2,670","3,493","5,948"
2020년01월_계_90~99세,"48,235","3,667","1,143","1,091",684,749,"3,969",877,846,"2,246","1,722","1,987",906,"1,081","2,926","1,081","1,843",564,"1,971","1,149",822,"4,358","1,913","1,257","1,188",360,622,"2,426",445,"1,164","1,114",703,931,"3,877","1,068","1,546","1,263","1,914",897,932,"1,367","1,852","1,131",927,924,758,394,498,911
2020년01월_계_100세 이상,"3,965",287,83,86,88,30,440,191,172,77,202,169,80,89,227,141,230,80,105,53,52,317,201,61,55,50,73,210,47,90,70,47,104,178,70,60,48,180,65,51,66,111,96,68,70,39,43,47,62
2020년01월_남_총인구수,"6,665,310","601,097","139,934","187,499","88,471","185,193","466,582","118,562","111,364","236,656","222,611","279,857","121,839","158,018","411,912","156,095","265,037","47,276","333,471","175,550","157,921","523,803","231,540","145,190","147,073","28,650","98,858","350,058","117,148","248,693","136,990","80,957","137,533","526,823","130,032","215,981","180,810","230,458","111,284","94,249","219,805","424,061","191,127","112,770","78,129","56,388","22,948","31,986","58,654"
2020년01월_남_연령구간인구수,"6,665,310","601,097","139,934","187,499","88,471","185,193","466,582","118,562","111,364","236,656","222,611","279,857","121,839","158,018","411,912","156,095","265,037","47,276","333,471","175,550","157,921","523,803","231,540","145,190","147,073","28,650","98,858","350,058","117,148","248,693","136,990","80,957","137,533","526,823","130,032","215,981","180,810","230,458","111,284","94,249","219,805","424,061","191,127","112,770","78,129","56,388","22,948","31,986","58,654"
2020년01월_남_0~9세,"604,946","53,483","10,336","17,724","5,223","20,200","36,757","8,074","7,308","21,375","18,129","21,606","8,431","13,175","31,554","13,058","24,754","3,566","23,525","12,145","11,380","43,215","19,814","11,191","12,210","2,392","8,378","34,553","12,850","23,947","11,507","6,858","15,120","53,720","11,292","23,413","19,015","22,974","10,271","7,596","26,542","54,043","18,574","10,051","4,782","3,981","1,493","1,773","3,894"
2020년01월_남_10~19세,"696,108","63,800","15,836","18,020","7,551","22,393","46,667","9,189","9,069","28,409","22,461","28,670","10,340","18,330","38,147","16,908","27,408","4,515","34,911","18,237","16,674","55,959","21,849","15,935","18,175","3,276","9,837","40,029","12,824","25,701","14,382","7,837","12,136","63,114","13,263","26,559","23,292","25,108","11,707","9,440","22,898","47,557","17,181","12,194","6,832","5,132","1,776","2,542","5,159"
2020년01월_남_20~29세,"931,584","98,263","24,157","28,719","14,758","30,629","67,910","17,789","16,500","33,621","31,892","42,066","18,493","23,573","61,648","21,406","37,723","6,110","55,904","30,127","25,777","76,513","32,186","22,415","21,912","4,237","14,044","43,153","16,469","35,932","19,975","12,138","16,771","68,645","17,948","27,822","22,875","29,041","16,245","11,831","24,771","52,211","23,137","14,091","10,244","6,556","3,475","3,495","5,688"
2020년01월_남_30~39세,"986,198","95,448","17,701","31,730","13,502","32,515","70,346","18,574","17,097","34,675","30,312","41,086","18,032","23,054","61,829","22,724","41,543","5,430","46,496","23,574","22,922","69,965","33,433","18,707","17,825","3,991","13,881","44,977","21,383","39,654","20,560","11,436","23,643","73,351","18,250","30,318","24,783","35,973","16,344","12,716","34,625","77,551","31,096","14,134","8,243","6,242","2,404","3,193","5,622"
2020년01월_남_40~49세,"1,165,205","103,806","23,455","31,832","14,548","33,971","79,277","19,754","18,129","41,394","37,218","44,789","18,514","26,275","66,937","27,240","47,835","7,656","56,255","29,544","26,711","89,815","39,502","24,980","25,333","4,348","16,638","65,167","22,362","46,452","22,441","12,389","24,955","99,339","22,808","41,746","34,785","40,717","18,041","15,983","42,127","83,593","34,435","19,873","11,506","8,421","2,787","4,355","8,448"
2020년01월_남_50~59세,"1,116,749","98,035","24,713","30,887","15,657","26,778","77,797","20,493","19,926","37,378","38,855","49,081","21,988","27,093","73,342","26,024","43,847","8,652","65,185","34,467","30,718","94,995","40,698","27,048","27,249","5,001","17,728","58,160","16,780","44,417","23,656","14,536","19,916","80,977","22,098","32,016","26,863","36,573","18,091","16,263","32,228","58,216","31,377","19,345","16,290","10,551","3,965","6,131","10,735"
2020년01월_남_60~69세,"700,122","54,768","14,116","18,167","10,252","12,233","52,565","14,924","14,480","23,161","25,304","33,394","16,105","17,289","51,122","17,845","24,723","6,052","33,588","17,555","16,033","55,265","25,721","15,158","14,386","3,191","11,422","37,398","8,920","21,567","15,162","10,040","15,563","46,991","14,366","17,962","14,663","22,365","12,133","11,680","21,454","31,599","22,119","13,156","12,102","8,706","3,671","5,814","10,443"
2020년01월_남_70~79세,"334,417","24,374","6,792","7,699","5,145","4,738","25,527","7,425","6,770","11,332","13,257","13,956","7,323","6,633","20,472","8,146","12,019","3,619","12,687","7,055","5,632","25,704","12,781","6,440","6,483","1,503","5,090","19,640","4,109","8,105","6,470","4,146","7,377","29,244","7,172","11,599","10,473","12,359","5,900","5,975","11,219","14,079","10,101","7,245","5,679","4,737","2,267","3,206","6,205"
2020년01월_남_80~89세,"117,354","8,190","2,532","2,446","1,647","1,565","8,621","2,067","1,859","4,695","4,708","4,684","2,374","2,310","6,151","2,454","4,620","1,501","4,487","2,594","1,893","11,166","5,026","2,982","3,158",614,"1,660","6,353","1,341","2,646","2,516","1,396","1,814","10,419","2,581","4,134","3,704","4,837","2,318","2,565","3,592","4,773","2,843","2,455","2,209","1,890",992,"1,324","2,215"
2020년01월_남_90~99세,"11,577",852,276,248,165,163,997,214,183,600,431,475,215,260,653,256,494,157,411,242,169,"1,126",483,315,328,89,157,570,96,248,298,168,210,990,241,399,350,456,215,188,331,405,244,215,218,158,103,134,232
2020년01월_남_100세 이상,"1,050",78,20,27,23,8,118,59,43,16,44,50,24,26,57,34,71,18,22,10,12,80,47,19,14,8,23,58,14,24,23,13,28,33,13,13,7,55,19,12,18,34,20,11,24,14,15,19,13
2020년01월_여_총인구수,"6,585,058","592,797","137,912","184,010","87,227","183,648","476,067","116,052","108,557","251,458","229,265","285,495","121,337","164,158","417,035","159,825","249,839","47,443","317,088","168,695","148,393","544,838","236,133","152,903","155,802","29,684","100,157","352,487","109,588","226,703","138,999","81,515","136,054","534,617","123,864","221,165","189,588","223,503","104,601","89,120","217,984","394,699","182,147","109,505","70,008","54,629","20,793","30,317","58,256"
2020년01월_여_연령구간인구수,"6,585,058","592,797","137,912","184,010","87,227","183,648","476,067","116,052","108,557","251,458","229,265","285,495","121,337","164,158","417,035","159,825","249,839","47,443","317,088","168,695","148,393","544,838","236,133","152,903","155,802","29,684","100,157","352,487","109,588","226,703","138,999","81,515","136,054","534,617","123,864","221,165","189,588","223,503","104,601","89,120","217,984","394,699","182,147","109,505","70,008","54,629","20,793","30,317","58,256"
2020년01월_여_0~9세,"575,537","50,246","9,606","16,772","5,118","18,750","35,001","7,902","6,842","20,257","16,960","20,830","8,198","12,632","29,993","12,436","23,573","3,313","22,650","11,648","11,002","41,552","19,108","10,627","11,817","2,138","7,840","32,656","12,248","22,910","10,885","6,372","14,489","51,348","10,859","22,134","18,355","22,087","9,599","7,219","25,304","51,567","17,563","9,697","4,436","3,700","1,420","1,809","3,696"
2020년01월_여_10~19세,"655,664","59,436","14,502","16,588","7,158","21,188","44,291","8,612","8,607","27,072","21,174","26,686","9,557","17,129","35,954","15,933","25,715","4,452","32,664","17,154","15,510","52,868","20,696","14,848","17,324","3,050","9,165","37,716","12,110","24,222","13,583","7,398","11,593","59,678","11,998","25,100","22,580","23,469","10,817","8,755","21,977","45,651","16,352","11,609","6,217","4,772","1,536","2,261","4,560"
2020년01월_여_20~29세,"840,261","88,112","20,097","26,390","13,414","28,211","64,435","16,096","15,073","33,266","30,601","38,822","16,847","21,975","57,857","19,466","31,446","5,086","49,238","26,555","22,683","73,259","30,173","22,111","20,975","3,796","13,419","39,806","14,106","30,315","18,305","10,781","15,706","63,972","15,320","26,098","22,554","26,194","12,644","9,674","22,768","45,013","20,771","12,147","7,599","5,508","1,969","2,687","4,759"
2020년01월_여_30~39세,"933,887","89,034","16,497","29,002","11,693","31,842","68,860","16,435","14,895","37,530","29,342","39,172","16,273","22,899","58,785","22,183","35,406","5,155","39,176","20,099","19,077","71,667","32,841","19,881","18,945","3,856","13,545","46,727","18,554","34,297","19,272","10,839","23,250","75,586","16,468","31,867","27,251","31,481","14,410","10,769","36,026","72,210","28,404","13,312","6,730","5,674","1,884","2,752","5,529"
2020년01월_여_40~49세,"1,128,903","102,359","23,807","29,978","13,706","34,868","81,058","17,516","16,264","47,278","37,306","46,878","17,788","29,090","65,908","27,741","42,713","7,214","54,750","28,949","25,801","95,834","39,081","27,795","28,958","4,846","16,867","63,935","19,825","40,374","23,288","12,805","22,545","101,467","20,551","43,118","37,798","38,449","16,889","13,985","38,691","72,507","30,387","18,744","9,873","7,771","2,292","3,693","7,909"
2020년01월_여_50~59세,"1,084,911","98,048","24,675","31,734","15,167","26,472","78,479","19,929","19,782","38,768","39,934","51,746","22,659","29,087","77,254","26,453","39,951","7,724","61,013","32,530","28,483","96,839","40,848","27,959","28,032","5,261","18,204","55,896","15,576","38,840","24,690","15,336","20,505","77,640","20,455","31,254","25,931","33,191","16,875","14,549","30,632","50,305","30,322","17,483","13,374","9,610","3,428","5,504","10,249"
2020년01월_여_60~69세,"710,062","56,501","14,598","18,646","10,959","12,298","54,550","15,947","14,681","23,922","27,207","33,754","16,396","17,358","51,819","19,469","25,271","6,379","30,787","16,352","14,435","54,783","26,129","14,600","14,054","3,318","11,309","39,518","9,188","19,185","15,374","9,917","16,358","52,392","14,416","20,806","17,170","23,002","11,654","11,489","22,700","30,880","21,819","13,149","10,362","8,425","3,453","5,431","10,619"
2020년01월_여_70~79세,"405,992","30,434","8,568","9,245","6,465","6,156","31,000","9,004","8,101","13,895","17,061","16,904","8,571","8,333","24,281","10,154","15,612","5,085","15,924","9,177","6,747","34,789","16,833","8,783","9,173","1,975","6,371","23,400","5,227","10,046","8,120","4,780","7,405","34,350","8,373","13,770","12,207","15,724","6,900","7,252","12,776","16,211","10,767","8,459","6,733","5,345","2,814","3,619","6,474"
2020년01월_여_80~89세,"210,268","15,603","4,632","4,753","2,963","3,255","15,099","3,816","3,520","7,763","8,231","9,072","4,301","4,771","12,741","5,058","8,644","2,566","9,243","5,281","3,962","19,778","8,840","5,315","5,623","1,131","2,922","10,825","2,372","5,532","4,619","2,718","3,406","15,152","4,540","5,824","4,788","8,323","4,085","4,645","6,026","8,831","4,799","4,136","3,932","3,199","1,678","2,169","3,733"
2020년01월_여_90~99세,"36,658","2,815",867,843,519,586,"2,972",663,663,"1,646","1,291","1,512",691,821,"2,273",825,"1,349",407,"1,560",907,653,"3,232","1,430",942,860,271,465,"1,856",349,916,816,535,721,"2,887",827,"1,147",913,"1,458",682,744,"1,036","1,447",887,712,706,600,291,364,679
2020년01월_여_100세 이상,"2,915",209,63,59,65,22,322,132,129,61,158,119,56,63,170,107,159,62,83,43,40,237,154,42,41,42,50,152,33,66,47,34,76,145,57,47,41,125,46,39,48,77,76,57,46,25,28,28,49
2020년02월_계_총인구수,"13,265,377","1,193,480","277,386","371,218","175,677","369,199","942,183","234,417","219,619","488,147","452,865","563,066","242,107","320,959","827,374","316,125","517,087","94,452","651,211","344,685","306,526","1,071,002","469,671","298,445","302,886","58,253","198,921","704,172","226,900","476,481","275,857","163,982","275,384","1,063,650","253,982","437,811","371,857","453,827","215,869","183,444","439,502","822,470","373,867","222,435","147,770","111,008","43,614","62,224","116,902"
2020년02월_계_연령구간인구수,"13,265,377","1,193,480","277,386","371,218","175,677","369,199","942,183","234,417","219,619","488,147","452,865","563,066","242,107","320,959","827,374","316,125","517,087","94,452","651,211","344,685","306,526","1,071,002","469,671","298,445","302,886","58,253","198,921","704,172","226,900","476,481","275,857","163,982","275,384","1,063,650","253,982","437,811","371,857","453,827","215,869","183,444","439,502","822,470","373,867","222,435","147,770","111,008","43,614","62,224","116,902"
2020년02월_계_0~9세,"1,178,548","103,170","19,783","34,232","10,246","38,909","71,633","15,802","14,075","41,756","35,074","42,032","16,415","25,617","60,921","25,424","48,587","6,797","46,112","23,862","22,250","84,859","39,126","21,786","23,947","4,549","16,097","67,250","24,941","46,874","22,252","13,458","29,743","104,994","22,045","45,316","37,633","44,925","19,765","14,740","51,884","105,869","36,052","19,699","9,153","7,685","2,887","3,573","7,549"
2020년02월_계_10~19세,"1,347,854","122,606","30,131","34,446","14,643","43,386","90,600","17,701","17,561","55,338","43,514","54,982","19,725","35,257","73,590","32,654","53,036","8,920","67,189","35,239","31,950","108,526","42,498","30,722","35,306","6,306","18,890","77,663","24,888","49,821","27,779","15,232","23,835","122,626","25,171","51,524","45,931","48,422","22,375","18,107","45,106","93,486","33,454","23,770","12,916","9,854","3,259","4,749","9,699"
2020년02월_계_20~29세,"1,769,080","186,021","44,059","54,962","28,222","58,778","131,752","33,785","31,475","66,492","62,519","80,174","35,058","45,116","118,999","40,862","69,285","11,120","105,146","56,601","48,545","149,521","62,298","44,442","42,781","7,971","27,373","82,923","30,559","66,225","38,183","23,037","32,722","132,731","33,279","54,178","45,274","55,052","28,814","21,468","47,550","97,343","43,878","26,252","17,685","11,981","5,409","6,170","10,355"
2020년02월_계_30~39세,"1,917,785","184,060","34,038","60,447","25,192","64,383","138,962","34,926","31,882","72,154","59,662","79,771","34,063","45,708","120,022","44,901","77,367","10,516","85,684","43,658","42,026","142,084","66,664","38,611","36,809","7,881","27,328","91,475","39,752","73,929","39,703","22,699","47,137","148,717","34,600","61,914","52,203","67,106","30,708","23,409","70,442","149,915","59,138","27,334","14,913","11,899","4,266","5,919","11,086"
2020년02월_계_40~49세,"2,299,179","206,250","47,177","61,948","28,210","68,915","160,461","37,257","34,302","88,902","74,735","91,376","36,141","55,235","132,634","55,008","91,046","14,819","111,005","58,556","52,449","185,799","78,951","52,712","54,136","9,164","33,508","129,657","42,358","87,124","45,728","25,351","48,090","201,254","43,423","84,932","72,899","79,192","34,987","29,990","81,496","157,288","65,157","38,709","21,308","16,161","5,080","8,041","16,403"
2020년02월_계_50~59세,"2,205,106","196,150","49,410","62,575","30,777","53,388","156,216","40,450","39,595","76,171","79,027","100,349","44,457","55,892","150,251","52,543","84,074","16,355","126,363","67,110","59,253","192,432","81,811","55,249","55,372","10,213","35,942","114,373","32,471","83,506","48,374","30,061","40,540","159,461","42,571","63,766","53,124","70,005","34,980","30,873","63,171","109,180","61,893","36,758","29,558","20,134","7,358","11,559","20,936"
2020년02월_계_60~69세,"1,422,638","112,316","28,956","37,206","21,332","24,822","107,622","31,012","29,341","47,269","52,942","67,453","32,624","34,829","103,863","37,620","50,530","12,497","65,120","34,280","30,840","111,228","52,456","30,001","28,771","6,538","22,927","77,585","18,316","41,264","30,836","20,293","32,123","100,225","29,069","39,030","32,126","45,645","24,012","23,362","44,524","63,299","44,308","26,557","22,647","17,288","7,149","11,340","21,209"
2020년02월_계_70~79세,"742,296","54,956","15,387","16,988","11,629","10,952","56,630","16,446","14,925","25,259","30,340","30,933","15,923","15,010","44,931","18,300","27,689","8,670","28,689","16,261","12,428","60,629","29,698","15,222","15,709","3,467","11,523","43,225","9,364","18,216","14,614","8,958","14,863","63,755","15,526","25,484","22,745","28,101","12,797","13,233","24,179","30,412","20,990","15,733","12,412","10,100","5,076","6,800","12,711"
2020년02월_계_80~89세,"330,231","23,959","7,210","7,226","4,651","4,872","23,874","5,943","5,443","12,488","13,101","13,812","6,698","7,114","18,994","7,572","13,394","4,107","13,821","7,907","5,914","31,173","14,026","8,359","8,788","1,747","4,624","17,375","3,757","8,261","7,201","4,135","5,285","25,795","7,154","10,055","8,586","13,274","6,449","7,270","9,700","13,701","7,741","6,631","6,177","5,106","2,686","3,530","5,979"
2020년02월_계_90~99세,"48,650","3,698","1,152","1,099",687,760,"3,982",900,843,"2,239","1,745","2,015",922,"1,093","2,934","1,103","1,846",571,"1,973","1,155",818,"4,435","1,941","1,281","1,213",366,636,"2,437",449,"1,172","1,117",711,939,"3,911","1,074","1,549","1,288","1,918",919,936,"1,382","1,869","1,160",925,928,760,400,498,915
2020년02월_계_100세 이상,"4,010",294,83,89,88,34,451,195,177,79,206,169,81,88,235,138,233,80,109,56,53,316,202,60,54,51,73,209,45,89,70,47,107,181,70,63,48,187,63,56,68,108,96,67,73,40,44,45,60
2020년02월_남_총인구수,"6,672,706","600,958","139,776","187,300","88,492","185,390","466,306","118,469","111,214","236,623","223,110","278,678","121,300","157,378","411,044","156,129","266,206","47,156","333,839","175,761","158,078","524,883","232,485","145,363","147,035","28,616","98,807","350,840","117,239","249,307","136,998","81,709","138,362","527,799","130,142","216,261","181,396","230,409","111,272","94,316","220,617","425,993","191,421","112,854","77,972","56,378","22,882","31,976","58,630"
2020년02월_남_연령구간인구수,"6,672,706","600,958","139,776","187,300","88,492","185,390","466,306","118,469","111,214","236,623","223,110","278,678","121,300","157,378","411,044","156,129","266,206","47,156","333,839","175,761","158,078","524,883","232,485","145,363","147,035","28,616","98,807","350,840","117,239","249,307","136,998","81,709","138,362","527,799","130,142","216,261","181,396","230,409","111,272","94,316","220,617","425,993","191,421","112,854","77,972","56,378","22,882","31,976","58,630"
2020년02월_남_0~9세,"603,777","53,200","10,262","17,569","5,183","20,186","36,684","7,977","7,271","21,436","18,127","21,416","8,341","13,075","31,209","12,982","24,859","3,521","23,523","12,187","11,336","43,288","19,934","11,175","12,179","2,394","8,306","34,543","12,752","23,963","11,429","6,974","15,167","53,626","11,248","23,262","19,116","22,905","10,210","7,566","26,542","54,193","18,513","10,033","4,763","3,980","1,480","1,764","3,865"
2020년02월_남_10~19세,"694,030","63,471","15,736","17,932","7,502","22,301","46,457","9,134","9,028","28,295","22,417","28,453","10,260","18,193","37,895","16,815","27,408","4,495","34,682","18,131","16,551","55,763","21,804","15,891","18,068","3,271","9,774","39,990","12,785","25,654","14,303","7,858","12,173","62,982","13,181","26,504","23,297","25,038","11,635","9,381","23,007","47,713","17,154","12,177","6,748","5,109","1,750","2,533","5,139"
2020년02월_남_20~29세,"930,000","98,061","24,066","28,661","14,773","30,561","67,616","17,757","16,422","33,437","31,844","41,708","18,364","23,344","61,373","21,373","37,723","6,062","55,859","30,040","25,819","76,383","32,149","22,389","21,845","4,217","14,001","43,128","16,455","35,944","19,965","12,182","16,854","68,721","18,010","27,926","22,785","28,906","16,199","11,821","24,809","52,252","23,144","14,091","10,194","6,513","3,446","3,498","5,658"
2020년02월_남_30~39세,"985,563","95,330","17,657","31,551","13,536","32,586","70,252","18,558","17,053","34,641","30,391","40,861","17,898","22,963","61,556","22,734","41,768","5,410","46,565","23,587","22,978","70,189","33,591","18,725","17,873","4,002","13,846","44,893","21,333","39,657","20,491","11,664","23,748","73,211","18,199","30,189","24,823","35,836","16,358","12,698","34,507","77,639","30,936","14,080","8,206","6,221","2,402","3,182","5,597"
2020년02월_남_40~49세,"1,167,869","103,952","23,429","31,932","14,551","34,040","79,331","19,740","18,090","41,501","37,325","44,662","18,429","26,233","66,787","27,258","48,150","7,620","56,265","29,564","26,701","89,949","39,738","24,977","25,234","4,348","16,655","65,417","22,438","46,595","22,476","12,487","25,286","99,553","22,853","41,785","34,915","40,698","18,072","16,002","42,447","84,166","34,554","19,931","11,448","8,413","2,784","4,356","8,444"
2020년02월_남_50~59세,"1,118,496","98,033","24,724","30,885","15,615","26,809","77,795","20,512","19,854","37,429","38,966","48,831","21,903","26,928","73,194","26,061","44,010","8,652","65,240","34,545","30,695","95,202","40,788","27,170","27,244","4,982","17,730","58,343","16,857","44,541","23,684","14,593","19,981","81,386","22,092","32,255","27,039","36,718","18,081","16,299","32,358","58,582","31,497","19,294","16,251","10,549","3,947","6,110","10,729"
2020년02월_남_60~69세,"706,269","55,280","14,226","18,331","10,322","12,401","52,762","14,973","14,579","23,210","25,520","33,512","16,137","17,375","51,535","17,972","25,002","6,094","33,994","17,751","16,243","55,837","26,029","15,237","14,571","3,191","11,494","37,737","9,018","21,845","15,293","10,191","15,660","47,434","14,529","18,103","14,802","22,550","12,240","11,777","21,670","32,046","22,297","13,297","12,207","8,785","3,686","5,845","10,498"
2020년02월_남_70~79세,"335,460","24,440","6,809","7,710","5,162","4,759","25,599","7,447","6,814","11,338","13,260","13,998","7,346","6,652","20,566","8,155","12,053","3,605","12,726","7,069","5,657","25,783","12,832","6,442","6,509","1,497","5,137","19,734","4,138","8,161","6,495","4,183","7,415","29,301","7,181","11,629","10,491","12,348","5,902","5,982","11,294","14,144","10,163","7,254","5,695","4,744","2,276","3,192","6,220"
2020년02월_남_80~89세,"118,498","8,252","2,566","2,452","1,660","1,574","8,693","2,093","1,880","4,720","4,779","4,706","2,382","2,324","6,220","2,478","4,673","1,518","4,546","2,629","1,917","11,256","5,078","3,018","3,160",614,"1,681","6,428","1,352","2,674","2,542","1,393","1,837","10,550","2,594","4,190","3,766","4,890","2,334","2,588","3,633","4,819","2,893","2,471","2,216","1,890",990,"1,348","2,234"
2020년02월_남_90~99세,"11,672",860,280,251,165,164,996,219,180,597,435,480,215,265,651,267,487,161,415,246,169,"1,150",491,320,339,92,160,568,98,248,297,170,211,"1,002",242,405,355,463,222,190,332,405,249,215,218,159,106,131,234
2020년02월_남_100세 이상,"1,072",79,21,26,23,9,121,59,43,19,46,51,25,26,58,34,73,18,24,12,12,83,51,19,13,8,23,59,13,25,23,14,30,33,13,13,7,57,19,12,18,34,21,11,26,15,15,17,12
2020년02월_여_총인구수,"6,592,671","592,522","137,610","183,918","87,185","183,809","475,877","115,948","108,405","251,524","229,755","284,388","120,807","163,581","416,330","159,996","250,881","47,296","317,372","168,924","148,448","546,119","237,186","153,082","155,851","29,637","100,114","353,332","109,661","227,174","138,859","82,273","137,022","535,851","123,840","221,550","190,461","223,418","104,597","89,128","218,885","396,477","182,446","109,581","69,798","54,630","20,732","30,248","58,272"
2020년02월_여_연령구간인구수,"6,592,671","592,522","137,610","183,918","87,185","183,809","475,877","115,948","108,405","251,524","229,755","284,388","120,807","163,581","416,330","159,996","250,881","47,296","317,372","168,924","148,448","546,119","237,186","153,082","155,851","29,637","100,114","353,332","109,661","227,174","138,859","82,273","137,022","535,851","123,840","221,550","190,461","223,418","104,597","89,128","218,885","396,477","182,446","109,581","69,798","54,630","20,732","30,248","58,272"
2020년02월_여_0~9세,"574,771","49,970","9,521","16,663","5,063","18,723","34,949","7,825","6,804","20,320","16,947","20,616","8,074","12,542","29,712","12,442","23,728","3,276","22,589","11,675","10,914","41,571","19,192","10,611","11,768","2,155","7,791","32,707","12,189","22,911","10,823","6,484","14,576","51,368","10,797","22,054","18,517","22,020","9,555","7,174","25,342","51,676","17,539","9,666","4,390","3,705","1,407","1,809","3,684"
2020년02월_여_10~19세,"653,824","59,135","14,395","16,514","7,141","21,085","44,143","8,567","8,533","27,043","21,097","26,529","9,465","17,064","35,695","15,839","25,628","4,425","32,507","17,108","15,399","52,763","20,694","14,831","17,238","3,035","9,116","37,673","12,103","24,167","13,476","7,374","11,662","59,644","11,990","25,020","22,634","23,384","10,740","8,726","22,099","45,773","16,300","11,593","6,168","4,745","1,509","2,216","4,560"
2020년02월_여_20~29세,"839,080","87,960","19,993","26,301","13,449","28,217","64,136","16,028","15,053","33,055","30,675","38,466","16,694","21,772","57,626","19,489","31,562","5,058","49,287","26,561","22,726","73,138","30,149","22,053","20,936","3,754","13,372","39,795","14,104","30,281","18,218","10,855","15,868","64,010","15,269","26,252","22,489","26,146","12,615","9,647","22,741","45,091","20,734","12,161","7,491","5,468","1,963","2,672","4,697"
2020년02월_여_30~39세,"932,222","88,730","16,381","28,896","11,656","31,797","68,710","16,368","14,829","37,513","29,271","38,910","16,165","22,745","58,466","22,167","35,599","5,106","39,119","20,071","19,048","71,895","33,073","19,886","18,936","3,879","13,482","46,582","18,419","34,272","19,212","11,035","23,389","75,506","16,401","31,725","27,380","31,270","14,350","10,711","35,935","72,276","28,202","13,254","6,707","5,678","1,864","2,737","5,489"
2020년02월_여_40~49세,"1,131,310","102,298","23,748","30,016","13,659","34,875","81,130","17,517","16,212","47,401","37,410","46,714","17,712","29,002","65,847","27,750","42,896","7,199","54,740","28,992","25,748","95,850","39,213","27,735","28,902","4,816","16,853","64,240","19,920","40,529","23,252","12,864","22,804","101,701","20,570","43,147","37,984","38,494","16,915","13,988","39,049","73,122","30,603","18,778","9,860","7,748","2,296","3,685","7,959"
2020년02월_여_50~59세,"1,086,610","98,117","24,686","31,690","15,162","26,579","78,421","19,938","19,741","38,742","40,061","51,518","22,554","28,964","77,057","26,482","40,064","7,703","61,123","32,565","28,558","97,230","41,023","28,079","28,128","5,231","18,212","56,030","15,614","38,965","24,690","15,468","20,559","78,075","20,479","31,511","26,085","33,287","16,899","14,574","30,813","50,598","30,396","17,464","13,307","9,585","3,411","5,449","10,207"
2020년02월_여_60~69세,"716,369","57,036","14,730","18,875","11,010","12,421","54,860","16,039","14,762","24,059","27,422","33,941","16,487","17,454","52,328","19,648","25,528","6,403","31,126","16,529","14,597","55,391","26,427","14,764","14,200","3,347","11,433","39,848","9,298","19,419","15,543","10,102","16,463","52,791","14,540","20,927","17,324","23,095","11,772","11,585","22,854","31,253","22,011","13,260","10,440","8,503","3,463","5,495","10,711"
2020년02월_여_70~79세,"406,836","30,516","8,578","9,278","6,467","6,193","31,031","8,999","8,111","13,921","17,080","16,935","8,577","8,358","24,365","10,145","15,636","5,065","15,963","9,192","6,771","34,846","16,866","8,780","9,200","1,970","6,386","23,491","5,226","10,055","8,119","4,775","7,448","34,454","8,345","13,855","12,254","15,753","6,895","7,251","12,885","16,268","10,827","8,479","6,717","5,356","2,800","3,608","6,491"
2020년02월_여_80~89세,"211,733","15,707","4,644","4,774","2,991","3,298","15,181","3,850","3,563","7,768","8,322","9,106","4,316","4,790","12,774","5,094","8,721","2,589","9,275","5,278","3,997","19,917","8,948","5,341","5,628","1,133","2,943","10,947","2,405","5,587","4,659","2,742","3,448","15,245","4,560","5,865","4,820","8,384","4,115","4,682","6,067","8,882","4,848","4,160","3,961","3,216","1,696","2,182","3,745"
2020년02월_여_90~99세,"36,978","2,838",872,848,522,596,"2,986",681,663,"1,642","1,310","1,535",707,828,"2,283",836,"1,359",410,"1,558",909,649,"3,285","1,450",961,874,274,476,"1,869",351,924,820,541,728,"2,909",832,"1,144",933,"1,455",697,746,"1,050","1,464",911,710,710,601,294,367,681
2020년02월_여_100세 이상,"2,938",215,62,63,65,25,330,136,134,60,160,118,56,62,177,104,160,62,85,44,41,233,151,41,41,43,50,150,32,64,47,33,77,148,57,50,41,130,44,44,50,74,75,56,47,25,29,28,48
2020년03월_계_총인구수,"13,288,975","1,192,762","276,842","370,922","175,533","369,465","941,688","234,421","219,408","487,859","453,679","561,966","241,916","320,050","827,132","316,220","519,124","94,231","652,763","347,334","305,429","1,072,909","471,039","298,863","303,007","58,280","199,099","705,264","227,112","477,425","275,960","164,602","277,431","1,065,613","254,216","438,790","372,607","454,494","216,404","183,751","443,071","827,603","374,913","223,704","147,853","111,083","43,552","62,262","117,025"
2020년03월_계_연령구간인구수,"13,288,975","1,192,762","276,842","370,922","175,533","369,465","941,688","234,421","219,408","487,859","453,679","561,966","241,916","320,050","827,132","316,220","519,124","94,231","652,763","347,334","305,429","1,072,909","471,039","298,863","303,007","58,280","199,099","705,264","227,112","477,425","275,960","164,602","277,431","1,065,613","254,216","438,790","372,607","454,494","216,404","183,751","443,071","827,603","374,913","223,704","147,853","111,083","43,552","62,262","117,025"
2020년03월_계_0~9세,"1,175,669","102,370","19,545","33,997","10,125","38,703","71,391","15,726","14,001","41,664","34,970","41,750","16,344","25,406","60,612","25,366","48,500","6,727","46,168","24,201","21,967","84,647","39,167","21,674","23,806","4,572","16,026","67,006","24,772","46,839","22,036","13,544","29,853","104,630","21,936","45,098","37,596","44,831","19,688","14,642","52,248","105,999","35,963","19,805","9,084","7,666","2,866","3,548","7,550"
2020년03월_계_10~19세,"1,344,847","122,085","29,898","34,329","14,559","43,299","90,182","17,670","17,459","55,053","43,344","54,677","19,641","35,036","73,275","32,484","52,939","8,849","66,861","35,369","31,492","108,017","42,352","30,607","35,058","6,264","18,869","77,613","24,875","49,642","27,657","15,160","23,988","122,266","25,060","51,368","45,838","48,361","22,289","18,160","45,404","94,023","33,457","23,810","12,832","9,823","3,252","4,735","9,654"
2020년03월_계_20~29세,"1,779,533","186,605","44,136","55,086","28,403","58,980","132,119","33,926","31,521","66,672","62,874","80,181","35,055","45,126","119,178","40,986","70,145","11,119","105,647","57,070","48,577","150,346","62,629","44,739","42,978","7,998","27,462","83,359","30,648","66,563","38,447","23,184","33,203","133,904","33,471","54,824","45,609","55,377","29,129","21,688","48,060","98,748","44,167","26,535","17,833","12,060","5,397","6,187","10,384"
2020년03월_계_30~39세,"1,916,550","183,235","33,836","60,058","25,047","64,294","138,735","34,850","31,797","72,088","59,673","79,380","33,920","45,460","119,568","44,887","77,513","10,439","85,931","44,011","41,920","142,165","66,780","38,571","36,814","7,873","27,354","91,235","39,674","73,786","39,457","22,849","47,552","148,528","34,447","61,774","52,307","66,944","30,760","23,318","71,019","150,282","59,016","27,461","14,892","11,801","4,280","5,890","11,053"
2020년03월_계_40~49세,"2,296,447","205,546","46,922","61,819","27,990","68,815","159,670","37,055","34,146","88,469","74,587","90,930","36,023","54,907","132,149","54,770","91,109","14,686","110,706","58,845","51,861","185,328","78,977","52,497","53,854","9,102","33,388","129,601","42,365","87,157","45,608","25,375","48,463","200,892","43,397","84,780","72,715","79,160","34,958","29,965","82,072","158,021","65,252","38,792","21,198","16,144","5,042","8,029","16,382"
2020년03월_계_50~59세,"2,208,632","196,329","49,415","62,583","30,813","53,518","155,990","40,392","39,456","76,142","79,147","100,011","44,355","55,656","150,174","52,552","84,435","16,378","126,688","67,562","59,126","192,899","81,990","55,411","55,498","10,230","35,929","114,606","32,576","83,756","48,418","30,033","40,603","160,068","42,595","64,070","53,403","70,076","34,999","30,871","63,562","110,008","62,020","36,942","29,509","20,118","7,304","11,502","20,899"
2020년03월_계_60~69세,"1,435,865","113,294","29,161","37,571","21,457","25,105","108,279","31,213","29,522","47,544","53,444","67,916","32,821","35,095","104,671","37,898","51,035","12,559","65,919","34,756","31,163","112,453","53,029","30,317","29,107","6,587","23,115","78,275","18,511","41,747","31,173","20,520","32,324","101,021","29,345","39,399","32,277","46,084","24,263","23,534","45,041","64,097","44,821","26,901","22,887","17,438","7,202","11,467","21,389"
2020년03월_계_70~79세,"745,509","55,145","15,425","17,010","11,657","11,053","56,792","16,494","14,985","25,313","30,421","31,063","15,997","15,066","45,192","18,356","27,850","8,693","28,857","16,362","12,495","60,801","29,788","15,265","15,748","3,477","11,572","43,385","9,398","18,330","14,702","9,015","15,029","64,118","15,600","25,675","22,843","28,159","12,837","13,281","24,397","30,612","21,155","15,774","12,398","10,115","5,067","6,792","12,726"
2020년03월_계_80~89세,"332,678","24,092","7,242","7,259","4,693","4,898","24,036","5,982","5,484","12,570","13,235","13,837","6,747","7,090","19,113","7,670","13,491","4,127","13,880","7,940","5,940","31,450","14,151","8,436","8,863","1,773","4,661","17,515","3,788","8,320","7,264","4,155","5,352","26,061","7,208","10,180","8,673","13,384","6,503","7,294","9,798","13,805","7,793","6,684","6,217","5,112","2,696","3,563","6,009"
2020년03월_계_90~99세,"49,185","3,760","1,177","1,118",701,764,"4,034",915,858,"2,261","1,777","2,052",932,"1,120","2,964","1,112","1,870",573,"1,997","1,161",836,"4,485","1,972","1,288","1,225",354,648,"2,459",459,"1,194","1,127",718,954,"3,943","1,088","1,562","1,293","1,928",913,943,"1,403","1,900","1,174",933,929,765,400,503,914
2020년03월_계_100세 이상,"4,060",301,85,92,88,36,460,198,179,83,207,169,81,88,236,139,237,81,109,57,52,318,204,58,56,50,75,210,46,91,71,49,110,182,69,60,53,190,65,55,67,108,95,67,74,41,46,46,65
2020년03월_남_총인구수,"6,684,759","600,550","139,438","187,153","88,411","185,548","466,115","118,479","111,141","236,495","223,534","278,194","121,227","156,967","410,853","156,128","267,360","47,048","334,625","177,110","157,515","525,756","233,101","145,533","147,122","28,633","98,873","351,413","117,359","249,786","137,040","82,016","139,324","528,764","130,255","216,733","181,776","230,790","111,554","94,481","222,353","428,761","191,945","113,515","78,050","56,415","22,858","31,990","58,676"
2020년03월_남_연령구간인구수,"6,684,759","600,550","139,438","187,153","88,411","185,548","466,115","118,479","111,141","236,495","223,534","278,194","121,227","156,967","410,853","156,128","267,360","47,048","334,625","177,110","157,515","525,756","233,101","145,533","147,122","28,633","98,873","351,413","117,359","249,786","137,040","82,016","139,324","528,764","130,255","216,733","181,776","230,790","111,554","94,481","222,353","428,761","191,945","113,515","78,050","56,415","22,858","31,990","58,676"
2020년03월_남_0~9세,"602,356","52,796","10,130","17,465","5,114","20,087","36,601","7,952","7,239","21,410","18,070","21,305","8,319","12,986","31,056","12,946","24,795","3,496","23,494","12,308","11,186","43,119","19,924","11,099","12,096","2,392","8,288","34,442","12,680","23,955","11,296","7,022","15,223","53,448","11,195","23,130","19,123","22,847","10,165","7,511","26,741","54,312","18,493","10,095","4,724","3,956","1,474","1,749","3,865"
2020년03월_남_10~19세,"692,468","63,142","15,588","17,871","7,448","22,235","46,269","9,110","8,981","28,178","22,330","28,270","10,204","18,066","37,722","16,711","27,360","4,466","34,541","18,210","16,331","55,522","21,736","15,860","17,926","3,259","9,764","39,991","12,748","25,567","14,241","7,836","12,278","62,777","13,087","26,434","23,256","25,006","11,595","9,395","23,163","47,998","17,142","12,193","6,707","5,092","1,741","2,530","5,112"
2020년03월_남_20~29세,"935,532","98,408","24,107","28,713","14,853","30,735","67,744","17,810","16,453","33,481","32,005","41,699","18,346","23,353","61,487","21,453","38,230","6,038","56,165","30,335","25,830","76,804","32,336","22,503","21,965","4,231","14,035","43,362","16,517","36,098","20,121","12,267","17,050","69,299","18,132","28,259","22,908","29,108","16,383","11,921","25,009","53,069","23,285","14,252","10,306","6,567","3,436","3,499","5,684"
2020년03월_남_30~39세,"985,199","94,934","17,564","31,364","13,495","32,511","70,208","18,532","17,029","34,647","30,409","40,715","17,862","22,853","61,334","22,730","41,838","5,385","46,679","23,764","22,915","70,255","33,623","18,718","17,914","3,995","13,863","44,804","21,324","39,552","20,365","11,734","23,919","73,115","18,106","30,123","24,886","35,731","16,397","12,675","34,809","77,887","30,869","14,150","8,198","6,161","2,430","3,167","5,567"
2020년03월_남_40~49세,"1,166,402","103,570","23,297","31,873","14,423","33,977","78,897","19,648","17,999","41,250","37,271","44,468","18,369","26,099","66,500","27,122","48,217","7,523","56,182","29,739","26,443","89,719","39,750","24,855","25,114","4,318","16,585","65,340","22,434","46,643","22,400","12,483","25,506","99,398","22,872","41,694","34,832","40,711","18,057","15,995","42,710","84,480","34,576","19,966","11,399","8,400","2,761","4,345","8,426"
2020년03월_남_50~59세,"1,120,166","98,086","24,699","30,871","15,641","26,875","77,722","20,495","19,781","37,446","39,018","48,673","21,859","26,814","73,166","26,077","44,227","8,682","65,327","34,737","30,590","95,390","40,863","27,241","27,286","5,002","17,702","58,462","16,902","44,633","23,736","14,563","20,023","81,689","22,078","32,426","27,185","36,720","18,088","16,303","32,533","59,000","31,586","19,377","16,207","10,549","3,923","6,083","10,717"
2020년03월_남_60~69세,"713,028","55,819","14,334","18,537","10,389","12,559","53,113","15,080","14,690","23,343","25,797","33,706","16,228","17,478","51,897","18,084","25,267","6,130","34,398","17,993","16,405","56,469","26,336","15,402","14,731","3,214","11,573","38,082","9,131","22,132","15,450","10,310","15,723","47,848","14,689","18,276","14,883","22,830","12,354","11,867","21,955","32,477","22,540","13,468","12,333","8,870","3,703","5,912","10,576"
2020년03월_남_70~79세,"337,194","24,545","6,835","7,723","5,174","4,813","25,671","7,459","6,839","11,373","13,309","14,093","7,396","6,697","20,711","8,187","12,145","3,614","12,830","7,132","5,698","25,861","12,849","6,462","6,550","1,503","5,176","19,812","4,146","8,229","6,544","4,219","7,487","29,415","7,211","11,686","10,518","12,392","5,920","6,019","11,405","14,245","10,266","7,289","5,697","4,751","2,278","3,196","6,239"
2020년03월_남_80~89세,"119,555","8,307","2,578","2,458","1,683","1,588","8,766","2,116","1,906","4,744","4,838","4,727","2,402","2,325","6,266","2,516","4,714","1,532","4,559","2,630","1,929","11,365","5,134","3,045","3,186",623,"1,699","6,487","1,366","2,703","2,560","1,402","1,867","10,727","2,630","4,275","3,822","4,916","2,356","2,591","3,679","4,853","2,912","2,498","2,237","1,895",986,"1,360","2,248"
2020년03월_남_90~99세,"11,770",864,285,252,168,159,998,217,178,603,441,487,217,270,657,267,494,164,425,249,176,"1,169",498,329,342,88,165,570,97,248,304,166,218,"1,013",242,415,356,472,220,193,332,406,254,216,214,159,111,131,227
2020년03월_남_100세 이상,"1,089",79,21,26,23,9,126,60,46,20,46,51,25,26,57,35,73,18,25,13,12,83,52,19,12,8,23,61,14,26,23,14,30,35,13,15,7,57,19,11,17,34,22,11,28,15,15,18,15
2020년03월_여_총인구수,"6,604,216","592,212","137,404","183,769","87,122","183,917","475,573","115,942","108,267","251,364","230,145","283,772","120,689","163,083","416,279","160,092","251,764","47,183","318,138","170,224","147,914","547,153","237,938","153,330","155,885","29,647","100,226","353,851","109,753","227,639","138,920","82,586","138,107","536,849","123,961","222,057","190,831","223,704","104,850","89,270","220,718","398,842","182,968","110,189","69,803","54,668","20,694","30,272","58,349"
2020년03월_여_연령구간인구수,"6,604,216","592,212","137,404","183,769","87,122","183,917","475,573","115,942","108,267","251,364","230,145","283,772","120,689","163,083","416,279","160,092","251,764","47,183","318,138","170,224","147,914","547,153","237,938","153,330","155,885","29,647","100,226","353,851","109,753","227,639","138,920","82,586","138,107","536,849","123,961","222,057","190,831","223,704","104,850","89,270","220,718","398,842","182,968","110,189","69,803","54,668","20,694","30,272","58,349"
2020년03월_여_0~9세,"573,313","49,574","9,415","16,532","5,011","18,616","34,790","7,774","6,762","20,254","16,900","20,445","8,025","12,420","29,556","12,420","23,705","3,231","22,674","11,893","10,781","41,528","19,243","10,575","11,710","2,180","7,738","32,564","12,092","22,884","10,740","6,522","14,630","51,182","10,741","21,968","18,473","21,984","9,523","7,131","25,507","51,687","17,470","9,710","4,360","3,710","1,392","1,799","3,685"
2020년03월_여_10~19세,"652,379","58,943","14,310","16,458","7,111","21,064","43,913","8,560","8,478","26,875","21,014","26,407","9,437","16,970","35,553","15,773","25,579","4,383","32,320","17,159","15,161","52,495","20,616","14,747","17,132","3,005","9,105","37,622","12,127","24,075","13,416","7,324","11,710","59,489","11,973","24,934","22,582","23,355","10,694","8,765","22,241","46,025","16,315","11,617","6,125","4,731","1,511","2,205","4,542"
2020년03월_여_20~29세,"844,001","88,197","20,029","26,373","13,550","28,245","64,375","16,116","15,068","33,191","30,869","38,482","16,709","21,773","57,691","19,533","31,915","5,081","49,482","26,735","22,747","73,542","30,293","22,236","21,013","3,767","13,427","39,997","14,131","30,465","18,326","10,917","16,153","64,605","15,339","26,565","22,701","26,269","12,746","9,767","23,051","45,679","20,882","12,283","7,527","5,493","1,961","2,688","4,700"
2020년03월_여_30~39세,"931,351","88,301","16,272","28,694","11,552","31,783","68,527","16,318","14,768","37,441","29,264","38,665","16,058","22,607","58,234","22,157","35,675","5,054","39,252","20,247","19,005","71,910","33,157","19,853","18,900","3,878","13,491","46,431","18,350","34,234","19,092","11,115","23,633","75,413","16,341","31,651","27,421","31,213","14,363","10,643","36,210","72,395","28,147","13,311","6,694","5,640","1,850","2,723","5,486"
2020년03월_여_40~49세,"1,130,045","101,976","23,625","29,946","13,567","34,838","80,773","17,407","16,147","47,219","37,316","46,462","17,654","28,808","65,649","27,648","42,892","7,163","54,524","29,106","25,418","95,609","39,227","27,642","28,740","4,784","16,803","64,261","19,931","40,514","23,208","12,892","22,957","101,494","20,525","43,086","37,883","38,449","16,901","13,970","39,362","73,541","30,676","18,826","9,799","7,744","2,281","3,684","7,956"
2020년03월_여_50~59세,"1,088,466","98,243","24,716","31,712","15,172","26,643","78,268","19,897","19,675","38,696","40,129","51,338","22,496","28,842","77,008","26,475","40,208","7,696","61,361","32,825","28,536","97,509","41,127","28,170","28,212","5,228","18,227","56,144","15,674","39,123","24,682","15,470","20,580","78,379","20,517","31,644","26,218","33,356","16,911","14,568","31,029","51,008","30,434","17,565","13,302","9,569","3,381","5,419","10,182"
2020년03월_여_60~69세,"722,837","57,475","14,827","19,034","11,068","12,546","55,166","16,133","14,832","24,201","27,647","34,210","16,593","17,617","52,774","19,814","25,768","6,429","31,521","16,763","14,758","55,984","26,693","14,915","14,376","3,373","11,542","40,193","9,380","19,615","15,723","10,210","16,601","53,173","14,656","21,123","17,394","23,254","11,909","11,667","23,086","31,620","22,281","13,433","10,554","8,568","3,499","5,555","10,813"
2020년03월_여_70~79세,"408,315","30,600","8,590","9,287","6,483","6,240","31,121","9,035","8,146","13,940","17,112","16,970","8,601","8,369","24,481","10,169","15,705","5,079","16,027","9,230","6,797","34,940","16,939","8,803","9,198","1,974","6,396","23,573","5,252","10,101","8,158","4,796","7,542","34,703","8,389","13,989","12,325","15,767","6,917","7,262","12,992","16,367","10,889","8,485","6,701","5,364","2,789","3,596","6,487"
2020년03월_여_80~89세,"213,123","15,785","4,664","4,801","3,010","3,310","15,270","3,866","3,578","7,826","8,397","9,110","4,345","4,765","12,847","5,154","8,777","2,595","9,321","5,310","4,011","20,085","9,017","5,391","5,677","1,150","2,962","11,028","2,422","5,617","4,704","2,753","3,485","15,334","4,578","5,905","4,851","8,468","4,147","4,703","6,119","8,952","4,881","4,186","3,980","3,217","1,710","2,203","3,761"
2020년03월_여_90~99세,"37,415","2,896",892,866,533,605,"3,036",698,680,"1,658","1,336","1,565",715,850,"2,307",845,"1,376",409,"1,572",912,660,"3,316","1,474",959,883,266,483,"1,889",362,946,823,552,736,"2,930",846,"1,147",937,"1,456",693,750,"1,071","1,494",920,717,715,606,289,372,687
2020년03월_여_100세 이상,"2,971",222,64,66,65,27,334,138,133,63,161,118,56,62,179,104,164,63,84,44,40,235,152,39,44,42,52,149,32,65,48,35,80,147,56,45,46,133,46,44,50,74,73,56,46,26,31,28,50
2020년04월_계_총인구수,"13,311,254","1,192,622","276,611","370,955","175,446","369,610","941,527","234,653","219,155","487,719","454,222","561,069","241,999","319,070","826,845","315,745","520,649","94,191","653,575","348,512","305,063","1,074,853","472,467","299,276","303,110","59,687","199,018","706,069","227,550","478,464","275,954","164,701","279,621","1,068,519","254,483","439,725","374,311","455,262","216,844","184,211","445,425","831,888","375,561","224,524","148,144","111,198","43,618","62,397","117,301"
2020년04월_계_연령구간인구수,"13,311,254","1,192,622","276,611","370,955","175,446","369,610","941,527","234,653","219,155","487,719","454,222","561,069","241,999","319,070","826,845","315,745","520,649","94,191","653,575","348,512","305,063","1,074,853","472,467","299,276","303,110","59,687","199,018","706,069","227,550","478,464","275,954","164,701","279,621","1,068,519","254,483","439,725","374,311","455,262","216,844","184,211","445,425","831,888","375,561","224,524","148,144","111,198","43,618","62,397","117,301"
2020년04월_계_0~9세,"1,172,865","101,861","19,420","33,924","10,039","38,478","71,055","15,666","13,935","41,454","34,872","41,516","16,305","25,211","60,305","25,226","48,432","6,663","46,083","24,223","21,860","84,519","39,203","21,622","23,694","4,760","15,900","66,785","24,690","46,774","21,951","13,545","30,049","104,429","21,861","44,819","37,749","44,712","19,602","14,584","52,281","105,995","35,890","19,771","9,062","7,636","2,877","3,531","7,509"
2020년04월_계_10~19세,"1,342,695","121,597","29,702","34,225","14,487","43,183","89,813","17,625","17,316","54,872","43,152","54,416","19,563","34,853","73,010","32,333","52,932","8,841","66,514","35,299","31,215","107,691","42,319","30,504","34,868","6,349","18,780","77,566","24,903","49,540","27,547","15,092","24,179","122,169","25,019","51,347","45,803","48,379","22,247","18,141","45,555","94,360","33,422","23,875","12,789","9,801","3,251","4,798","9,653"
2020년04월_계_20~29세,"1,786,677","186,996","44,253","55,079","28,501","59,163","132,418","34,086","31,498","66,834","63,094","80,063","35,071","44,992","119,179","40,981","70,582","11,164","105,981","57,363","48,618","150,832","62,821","44,917","43,094","8,188","27,529","83,564","30,832","66,812","38,524","23,268","33,514","134,919","33,624","55,330","45,965","55,550","29,380","21,842","48,465","99,910","44,313","26,696","17,932","12,089","5,418","6,182","10,460"
2020년04월_계_30~39세,"1,917,619","182,876","33,731","59,934","24,975","64,236","138,600","34,845","31,715","72,040","59,717","79,223","33,896","45,327","119,289","44,766","77,768","10,402","86,083","44,134","41,949","142,505","67,039","38,647","36,819","8,145","27,312","91,123","39,570","73,826","39,427","22,905","47,935","148,801","34,374","61,691","52,736","66,859","30,758","23,294","71,403","150,694","58,885","27,496","14,942","11,782","4,300","5,898","11,035"
2020년04월_계_40~49세,"2,296,203","205,273","46,751","61,825","27,943","68,754","159,265","36,953","34,028","88,284","74,593","90,620","35,965","54,655","131,906","54,610","91,173","14,615","110,400","58,855","51,545","185,089","79,096","52,371","53,622","9,287","33,306","129,598","42,475","87,224","45,495","25,318","48,885","200,923","43,342","84,701","72,880","79,157","34,948","29,993","82,474","158,774","65,267","38,867","21,109","16,130","5,028","8,018","16,383"
2020년04월_계_50~59세,"2,212,849","196,352","49,400","62,559","30,771","53,622","155,970","40,411","39,405","76,154","79,153","99,747","44,317","55,430","149,988","52,484","84,715","16,379","126,955","67,863","59,092","193,448","82,236","55,519","55,693","10,468","35,924","114,802","32,654","84,006","48,380","29,980","40,785","160,852","42,670","64,463","53,719","70,386","35,081","30,984","63,934","110,682","62,235","37,114","29,557","20,127","7,304","11,501","20,902"
2020년04월_계_60~69세,"1,445,636","114,007","29,336","37,810","21,534","25,327","108,729","31,360","29,666","47,703","53,819","68,228","32,980","35,248","105,335","37,969","51,443","12,617","66,476","35,122","31,354","113,332","53,405","30,577","29,350","6,753","23,287","78,723","18,645","42,179","31,430","20,637","32,640","101,577","29,496","39,652","32,429","46,363","24,434","23,711","45,393","64,693","45,157","27,134","23,060","17,544","7,228","11,525","21,568"
2020년04월_계_70~79세,"748,404","55,388","15,479","17,091","11,701","11,117","57,015","16,574","15,046","25,395","30,510","31,158","16,102","15,056","45,370","18,417","27,931","8,697","29,003","16,439","12,564","60,969","29,879","15,322","15,768","3,536","11,557","43,561","9,439","18,409","14,712","9,012","15,165","64,420","15,688","25,796","22,936","28,253","12,856","13,336","24,543","30,860","21,240","15,843","12,428","10,144","5,047","6,817","12,768"
2020년04월_계_80~89세,"334,613","24,169","7,263","7,288","4,699","4,919","24,148","6,022","5,506","12,620","13,320","13,865","6,778","7,087","19,238","7,693","13,547","4,155","13,960","7,983","5,977","31,649","14,290","8,453","8,906","1,793","4,687","17,650","3,826","8,387","7,278","4,181","5,396","26,252","7,239","10,279","8,734","13,455","6,545","7,318","9,895","13,890","7,867","6,725","6,250","5,138","2,722","3,577","6,037"
2020년04월_계_90~99세,"49,584","3,800","1,189","1,126",709,776,"4,046",911,861,"2,274","1,786","2,064",941,"1,123","2,983","1,127","1,887",577,"2,007","1,172",835,"4,500","1,975","1,285","1,240",358,659,"2,487",468,"1,213","1,138",711,958,"3,990","1,101","1,583","1,306","1,958",927,953,"1,414","1,922","1,190",936,940,765,396,504,920
2020년04월_계_100세 이상,"4,109",303,87,94,87,35,468,200,179,89,206,169,81,88,242,139,239,81,113,59,54,319,204,59,56,50,77,210,48,94,72,52,115,187,69,64,54,190,66,55,68,108,95,67,75,42,47,46,66
2020년04월_남_총인구수,"6,696,531","600,616","139,377","187,190","88,408","185,641","466,119","118,680","111,002","236,437","223,765","277,727","121,239","156,488","410,678","155,900","268,331","47,015","335,033","177,678","157,355","526,681","233,744","145,716","147,221","29,341","98,816","351,837","117,610","250,312","137,034","82,049","140,443","530,251","130,446","217,252","182,553","231,142","111,858","94,781","223,443","431,049","192,208","113,980","78,234","56,492","22,882","32,067","58,837"
2020년04월_남_연령구간인구수,"6,696,531","600,616","139,377","187,190","88,408","185,641","466,119","118,680","111,002","236,437","223,765","277,727","121,239","156,488","410,678","155,900","268,331","47,015","335,033","177,678","157,355","526,681","233,744","145,716","147,221","29,341","98,816","351,837","117,610","250,312","137,034","82,049","140,443","530,251","130,446","217,252","182,553","231,142","111,858","94,781","223,443","431,049","192,208","113,980","78,234","56,492","22,882","32,067","58,837"
2020년04월_남_0~9세,"600,759","52,544","10,069","17,444","5,084","19,947","36,442","7,933","7,216","21,293","18,004","21,153","8,276","12,877","30,891","12,882","24,756","3,464","23,441","12,300","11,141","43,038","19,929","11,057","12,052","2,494","8,215","34,344","12,631","23,925","11,265","7,023","15,320","53,310","11,147","22,963","19,200","22,777","10,101","7,491","26,727","54,283","18,440","10,088","4,702","3,934","1,483","1,739","3,852"
2020년04월_남_10~19세,"691,364","62,877","15,473","17,801","7,412","22,191","46,063","9,082","8,898","28,083","22,207","28,154","10,181","17,973","37,580","16,644","27,367","4,456","34,366","18,157","16,209","55,380","21,722","15,818","17,840","3,307","9,712","39,963","12,747","25,504","14,174","7,796","12,366","62,747","13,097","26,431","23,219","25,017","11,569","9,419","23,231","48,192","17,125","12,220","6,689","5,087","1,743","2,559","5,103"
2020년04월_남_20~29세,"939,653","98,687","24,224","28,729","14,883","30,851","67,904","17,913","16,421","33,570","32,135","41,661","18,374","23,287","61,536","21,421","38,520","6,059","56,322","30,481","25,841","77,056","32,444","22,576","22,036","4,323","14,057","43,515","16,621","36,239","20,153","12,314","17,226","69,896","18,252","28,569","23,075","29,211","16,542","11,995","25,184","53,702","23,367","14,341","10,384","6,592","3,446","3,499","5,745"
2020년04월_남_30~39세,"986,120","94,779","17,512","31,294","13,478","32,495","70,197","18,578","17,000","34,619","30,418","40,673","17,855","22,818","61,184","22,680","42,042","5,369","46,778","23,821","22,957","70,438","33,757","18,756","17,925","4,110","13,839","44,738","21,299","39,589","20,373","11,763","24,134","73,319","18,060","30,172","25,087","35,669","16,417","12,674","35,028","78,159","30,751","14,184","8,207","6,141","2,430","3,177","5,561"
2020년04월_남_40~49세,"1,166,235","103,471","23,220","31,901","14,392","33,958","78,680","19,589","17,928","41,163","37,293","44,291","18,326","25,965","66,377","27,040","48,250","7,499","56,047","29,768","26,279","89,544","39,757","24,787","25,000","4,429","16,566","65,303","22,486","46,706","22,349","12,460","25,700","99,354","22,839","41,633","34,882","40,697","18,083","16,021","42,889","84,862","34,577","19,983","11,376","8,395","2,750","4,332","8,425"
2020년04월_남_50~59세,"1,122,484","98,104","24,708","30,856","15,635","26,905","77,749","20,522","19,773","37,454","39,017","48,557","21,840","26,717","73,046","26,060","44,399","8,663","65,413","34,869","30,544","95,666","40,995","27,306","27,365","5,122","17,683","58,610","16,967","44,702","23,718","14,514","20,146","82,069","22,133","32,604","27,332","36,879","18,142","16,375","32,742","59,355","31,739","19,493","16,242","10,576","3,921","6,088","10,727"
2020년04월_남_60~69세,"717,779","56,179","14,411","18,641","10,456","12,671","53,301","15,155","14,744","23,402","25,972","33,800","16,283","17,517","52,178","18,120","25,503","6,154","34,708","18,197","16,511","56,904","26,512","15,521","14,871","3,291","11,677","38,289","9,198","22,377","15,558","10,373","15,853","48,134","14,761","18,400","14,973","22,969","12,464","11,943","22,099","32,803","22,686","13,593","12,427","8,919","3,717","5,941","10,649"
2020년04월_남_70~79세,"338,743","24,655","6,858","7,764","5,188","4,845","25,803","7,496","6,875","11,432","13,352","14,182","7,450","6,732","20,847","8,225","12,192","3,628","12,910","7,177","5,733","25,965","12,890","6,499","6,576","1,531","5,161","19,894","4,160","8,273","6,555","4,214","7,564","29,527","7,240","11,734","10,553","12,436","5,923","6,060","11,488","14,357","10,298","7,320","5,713","4,765","2,270","3,209","6,266"
2020년04월_남_80~89세,"120,460","8,377","2,594","2,484","1,691","1,608","8,850","2,133","1,924","4,793","4,884","4,717","2,413","2,304","6,322","2,525","4,730","1,539","4,596","2,644","1,952","11,436","5,186","3,050","3,200",638,"1,713","6,545","1,391","2,721","2,558","1,414","1,886","10,840","2,659","4,313","3,868","4,948","2,376","2,591","3,703","4,890","2,947","2,527","2,252","1,909",993,"1,374","2,268"
2020년04월_남_90~99세,"11,835",865,287,250,167,161,"1,002",218,176,608,437,489,216,273,658,267,498,166,426,251,175,"1,171",500,327,344,88,169,576,96,249,308,162,216,"1,021",246,418,357,481,222,201,335,412,256,221,214,158,113,131,227
2020년04월_남_100세 이상,"1,099",78,21,26,22,9,128,61,47,20,46,50,25,25,59,36,74,18,26,13,13,83,52,19,12,8,24,60,14,27,23,16,32,34,12,15,7,58,19,11,17,34,22,10,28,16,16,18,14
2020년04월_여_총인구수,"6,614,723","592,006","137,234","183,765","87,038","183,969","475,408","115,973","108,153","251,282","230,457","283,342","120,760","162,582","416,167","159,845","252,318","47,176","318,542","170,834","147,708","548,172","238,723","153,560","155,889","30,346","100,202","354,232","109,940","228,152","138,920","82,652","139,178","538,268","124,037","222,473","191,758","224,120","104,986","89,430","221,982","400,839","183,353","110,544","69,910","54,706","20,736","30,330","58,464"
2020년04월_여_연령구간인구수,"6,614,723","592,006","137,234","183,765","87,038","183,969","475,408","115,973","108,153","251,282","230,457","283,342","120,760","162,582","416,167","159,845","252,318","47,176","318,542","170,834","147,708","548,172","238,723","153,560","155,889","30,346","100,202","354,232","109,940","228,152","138,920","82,652","139,178","538,268","124,037","222,473","191,758","224,120","104,986","89,430","221,982","400,839","183,353","110,544","69,910","54,706","20,736","30,330","58,464"
2020년04월_여_0~9세,"572,106","49,317","9,351","16,480","4,955","18,531","34,613","7,733","6,719","20,161","16,868","20,363","8,029","12,334","29,414","12,344","23,676","3,199","22,642","11,923","10,719","41,481","19,274","10,565","11,642","2,266","7,685","32,441","12,059","22,849","10,686","6,522","14,729","51,119","10,714","21,856","18,549","21,935","9,501","7,093","25,554","51,712","17,450","9,683","4,360","3,702","1,394","1,792","3,657"
2020년04월_여_10~19세,"651,331","58,720","14,229","16,424","7,075","20,992","43,750","8,543","8,418","26,789","20,945","26,262","9,382","16,880","35,430","15,689","25,565","4,385","32,148","17,142","15,006","52,311","20,597","14,686","17,028","3,042","9,068","37,603","12,156","24,036","13,373","7,296","11,813","59,422","11,922","24,916","22,584","23,362","10,678","8,722","22,324","46,168","16,297","11,655","6,100","4,714","1,508","2,239","4,550"
2020년04월_여_20~29세,"847,024","88,309","20,029","26,350","13,618","28,312","64,514","16,173","15,077","33,264","30,959","38,402","16,697","21,705","57,643","19,560","32,062","5,105","49,659","26,882","22,777","73,776","30,377","22,341","21,058","3,865","13,472","40,049","14,211","30,573","18,371","10,954","16,288","65,023","15,372","26,761","22,890","26,339","12,838","9,847","23,281","46,208","20,946","12,355","7,548","5,497","1,972","2,683","4,715"
2020년04월_여_30~39세,"931,499","88,097","16,219","28,640","11,497","31,741","68,403","16,267","14,715","37,421","29,299","38,550","16,041","22,509","58,105","22,086","35,726","5,033","39,305","20,313","18,992","72,067","33,282","19,891","18,894","4,035","13,473","46,385","18,271","34,237","19,054","11,142","23,801","75,482","16,314","31,519","27,649","31,190","14,341","10,620","36,375","72,535","28,134","13,312","6,735","5,641","1,870","2,721","5,474"
2020년04월_여_40~49세,"1,129,968","101,802","23,531","29,924","13,551","34,796","80,585","17,364","16,100","47,121","37,300","46,329","17,639","28,690","65,529","27,570","42,923","7,116","54,353","29,087","25,266","95,545","39,339","27,584","28,622","4,858","16,740","64,295","19,989","40,518","23,146","12,858","23,185","101,569","20,503","43,068","37,998","38,460","16,865","13,972","39,585","73,912","30,690","18,884","9,733","7,735","2,278","3,686","7,958"
2020년04월_여_50~59세,"1,090,365","98,248","24,692","31,703","15,136","26,717","78,221","19,889","19,632","38,700","40,136","51,190","22,477","28,713","76,942","26,424","40,316","7,716","61,542","32,994","28,548","97,782","41,241","28,213","28,328","5,346","18,241","56,192","15,687","39,304","24,662","15,466","20,639","78,783","20,537","31,859","26,387","33,507","16,939","14,609","31,192","51,327","30,496","17,621","13,315","9,551","3,383","5,413","10,175"
2020년04월_여_60~69세,"727,857","57,828","14,925","19,169","11,078","12,656","55,428","16,205","14,922","24,301","27,847","34,428","16,697","17,731","53,157","19,849","25,940","6,463","31,768","16,925","14,843","56,428","26,893","15,056","14,479","3,462","11,610","40,434","9,447","19,802","15,872","10,264","16,787","53,443","14,735","21,252","17,456","23,394","11,970","11,768","23,294","31,890","22,471","13,541","10,633","8,625","3,511","5,584","10,919"
2020년04월_여_70~79세,"409,661","30,733","8,621","9,327","6,513","6,272","31,212","9,078","8,171","13,963","17,158","16,976","8,652","8,324","24,523","10,192","15,739","5,069","16,093","9,262","6,831","35,004","16,989","8,823","9,192","2,005","6,396","23,667","5,279","10,136","8,157","4,798","7,601","34,893","8,448","14,062","12,383","15,817","6,933","7,276","13,055","16,503","10,942","8,523","6,715","5,379","2,777","3,608","6,502"
2020년04월_여_80~89세,"214,153","15,792","4,669","4,804","3,008","3,311","15,298","3,889","3,582","7,827","8,436","9,148","4,365","4,783","12,916","5,168","8,817","2,616","9,364","5,339","4,025","20,213","9,104","5,403","5,706","1,155","2,974","11,105","2,435","5,666","4,720","2,767","3,510","15,412","4,580","5,966","4,866","8,507","4,169","4,727","6,192","9,000","4,920","4,198","3,998","3,229","1,729","2,203","3,769"
2020년04월_여_90~99세,"37,749","2,935",902,876,542,615,"3,044",693,685,"1,666","1,349","1,575",725,850,"2,325",860,"1,389",411,"1,581",921,660,"3,329","1,475",958,896,270,490,"1,911",372,964,830,549,742,"2,969",855,"1,165",949,"1,477",705,752,"1,079","1,510",934,715,726,607,283,373,693
2020년04월_여_100세 이상,"3,010",225,66,68,65,26,340,139,132,69,160,119,56,63,183,103,165,63,87,46,41,236,152,40,44,42,53,150,34,67,49,36,83,153,57,49,47,132,47,44,51,74,73,57,47,26,31,28,52
2020년05월_계_총인구수,"13,324,041","1,192,018","276,317","370,687","175,396","369,618","940,519","234,702","218,785","487,032","454,859","559,792","242,105","317,687","826,093","314,413","522,111","94,097","654,047","349,230","304,817","1,076,179","473,322","299,302","303,555","60,790","198,883","706,444","227,749","479,368","275,902","164,150","281,340","1,070,987","255,729","440,274","374,984","455,471","217,547","185,018","447,038","834,378","376,753","225,069","148,081","111,234","43,689","62,566","117,456"
2020년05월_계_연령구간인구수,"13,324,041","1,192,018","276,317","370,687","175,396","369,618","940,519","234,702","218,785","487,032","454,859","559,792","242,105","317,687","826,093","314,413","522,111","94,097","654,047","349,230","304,817","1,076,179","473,322","299,302","303,555","60,790","198,883","706,444","227,749","479,368","275,902","164,150","281,340","1,070,987","255,729","440,274","374,984","455,471","217,547","185,018","447,038","834,378","376,753","225,069","148,081","111,234","43,689","62,566","117,456"
2020년05월_계_0~9세,"1,169,656","101,337","19,309","33,762","10,013","38,253","70,631","15,570","13,861","41,200","34,836","41,329","16,281","25,048","60,032","25,071","48,483","6,619","45,960","24,185","21,775","84,470","39,222","21,558","23,690","4,891","15,824","66,483","24,541","46,665","21,805","13,493","30,103","104,156","21,765","44,629","37,762","44,568","19,516","14,532","52,326","105,931","35,836","19,742","9,002","7,627","2,865","3,529","7,453"
2020년05월_계_10~19세,"1,341,519","121,072","29,499","34,119","14,399","43,055","89,441","17,580","17,231","54,630","43,008","54,169","19,523","34,646","72,698","32,134","52,782","8,807","66,242","35,208","31,034","107,211","42,146","30,349","34,716","6,362","18,658","77,535","24,851","49,454","27,437","15,012","24,271","123,010","25,965","51,310","45,735","48,295","22,757","18,502","45,686","94,503","33,608","23,861","12,690","9,751","3,239","4,794","9,679"
2020년05월_계_20~29세,"1,788,779","186,965","44,194","54,970","28,578","59,223","132,358","34,121","31,469","66,768","63,215","79,728","35,017","44,711","118,924","40,742","70,912","11,150","105,987","57,492","48,495","151,039","62,945","44,956","43,138","8,369","27,570","83,689","30,909","66,914","38,552","23,119","33,753","135,480","33,797","55,594","46,089","55,586","29,489","21,989","48,678","100,281","44,433","26,807","17,941","12,118","5,439","6,194","10,449"
2020년05월_계_30~39세,"1,916,581","182,542","33,651","59,796","24,912","64,183","138,313","34,841","31,630","71,842","59,747","79,077","33,934","45,143","119,007","44,448","78,067","10,350","86,210","44,233","41,977","142,786","67,178","38,601","37,007","8,324","27,198","90,855","39,553","73,832","39,338","22,856","48,219","148,644","34,295","61,548","52,801","66,699","30,739","23,259","71,424","150,853","58,846","27,492","14,921","11,769","4,318","5,917","10,978"
2020년05월_계_40~49세,"2,294,087","204,852","46,589","61,763","27,839","68,661","158,734","36,847","33,856","88,031","74,551","90,203","35,901","54,302","131,495","54,232","91,309","14,555","110,183","58,756","51,427","184,868","79,088","52,271","53,509","9,371","33,182","129,462","42,500","87,240","45,402","25,158","49,189","200,769","43,283","84,587","72,899","79,109","34,872","30,035","82,849","159,242","65,372","38,864","21,016","16,078","5,021","8,007","16,367"
2020년05월_계_50~59세,"2,217,878","196,610","49,451","62,593","30,761","53,805","156,050","40,448","39,341","76,261","79,362","99,505","44,284","55,221","149,944","52,396","85,026","16,401","127,209","68,157","59,052","193,714","82,343","55,596","55,775","10,715","36,004","115,157","32,767","84,394","48,412","29,887","41,013","161,534","42,789","64,835","53,910","70,655","35,131","31,069","64,247","111,363","62,593","37,282","29,561","20,138","7,297","11,487","20,955"
2020년05월_계_60~69세,"1,453,705","114,605","29,490","37,991","21,613","25,511","109,093","31,523","29,748","47,822","54,100","68,372","33,136","35,236","105,866","37,977","51,749","12,655","66,984","35,440","31,544","114,225","53,824","30,760","29,641","6,930","23,389","79,070","18,778","42,571","31,634","20,671","32,939","102,000","29,631","39,770","32,599","46,572","24,585","23,868","45,698","65,122","45,466","27,302","23,218","17,634","7,274","11,665","21,693"
2020년05월_계_70~79세,"751,632","55,645","15,562","17,147","11,757","11,179","57,133","16,602","15,068","25,463","30,625","31,263","16,169","15,094","45,581","18,432","28,060","8,732","29,111","16,503","12,608","61,206","29,997","15,381","15,828","3,597","11,594","43,725","9,479","18,545","14,785","9,028","15,345","64,731","15,772","25,920","23,039","28,315","12,906","13,387","24,718","31,074","21,397","15,947","12,423","10,143","5,061","6,843","12,801"
2020년05월_계_80~89세,"336,198","24,262","7,287","7,326","4,723","4,926","24,249","6,063","5,530","12,656","13,411","13,911","6,827","7,084","19,311","7,705","13,585","4,164","14,016","8,010","6,006","31,810","14,384","8,468","8,958","1,812","4,718","17,753","3,846","8,430","7,327","4,174","5,431","26,481","7,251","10,431","8,799","13,528","6,554","7,349","9,930","13,953","7,899","6,761","6,277","5,160","2,731","3,577","6,083"
2020년05월_계_90~99세,"49,854","3,821","1,198","1,126",713,784,"4,048",906,872,"2,270","1,794","2,062",951,"1,111","2,990","1,135","1,899",584,"2,030","1,184",846,"4,526","1,986","1,302","1,238",368,669,"2,503",477,"1,227","1,137",700,959,"3,991","1,112","1,581","1,298","1,952",932,972,"1,413","1,947","1,208",945,958,773,396,507,931
2020년05월_계_100세 이상,"4,152",307,87,94,88,38,469,201,179,89,210,173,82,91,245,141,239,80,115,62,53,324,209,60,55,51,77,212,48,96,73,52,118,191,69,69,53,192,66,56,69,109,95,66,74,43,48,46,67
2020년05월_남_총인구수,"6,703,603","600,154","139,181","187,053","88,354","185,566","465,640","118,761","110,836","236,043","224,100","276,997","121,248","155,749","410,257","155,249","269,109","46,946","335,253","178,049","157,204","527,304","234,171","145,689","147,444","29,872","98,734","351,990","117,796","250,780","137,001","81,782","141,301","531,727","131,298","217,566","182,863","231,256","112,430","95,278","224,224","432,499","192,894","114,236","78,242","56,545","22,930","32,175","58,902"
2020년05월_남_연령구간인구수,"6,703,603","600,154","139,181","187,053","88,354","185,566","465,640","118,761","110,836","236,043","224,100","276,997","121,248","155,749","410,257","155,249","269,109","46,946","335,253","178,049","157,204","527,304","234,171","145,689","147,444","29,872","98,734","351,990","117,796","250,780","137,001","81,782","141,301","531,727","131,298","217,566","182,863","231,256","112,430","95,278","224,224","432,499","192,894","114,236","78,242","56,545","22,930","32,175","58,902"
2020년05월_남_0~9세,"599,029","52,248","9,995","17,355","5,061","19,837","36,214","7,883","7,173","21,158","17,970","21,059","8,273","12,786","30,772","12,816","24,754","3,437","23,375","12,283","11,092","43,021","19,946","11,015","12,060","2,557","8,165","34,190","12,542","23,853","11,174","7,005","15,367","53,156","11,086","22,868","19,202","22,741","10,054","7,458","26,734","54,253","18,411","10,080","4,668","3,929","1,471","1,745","3,810"
2020년05월_남_10~19세,"690,849","62,566","15,372","17,733","7,372","22,089","45,849","9,041","8,870","27,938","22,142","28,012","10,158","17,854","37,388","16,516","27,255","4,435","34,187","18,080","16,107","55,057","21,597","15,728","17,732","3,300","9,665","39,933","12,733","25,459","14,104","7,738","12,405","63,375","13,765","26,427","23,183","24,966","11,966","9,675","23,303","48,271","17,259","12,200","6,633","5,052","1,739","2,547","5,119"
2020년05월_남_20~29세,"941,023","98,615","24,174","28,667","14,909","30,865","67,883","17,947","16,404","33,532","32,216","41,441","18,320","23,121","61,401","21,309","38,709","6,057","56,302","30,554","25,748","77,217","32,566","22,590","22,061","4,412","14,067","43,591","16,683","36,322","20,151","12,236","17,327","70,247","18,378","28,759","23,110","29,232","16,630","12,092","25,254","53,969","23,479","14,396","10,414","6,644","3,458","3,521","5,748"
2020년05월_남_30~39세,"985,963","94,620","17,489","31,220","13,442","32,469","70,072","18,609","16,947","34,516","30,453","40,627","17,902","22,725","61,032","22,506","42,252","5,339","46,885","23,911","22,974","70,632","33,842","18,730","18,060","4,196","13,783","44,578","21,329","39,587","20,368","11,737","24,288","73,229","18,010","30,109","25,110","35,579","16,415","12,648","35,044","78,297","30,735","14,179","8,214","6,159","2,449","3,185","5,546"
2020년05월_남_40~49세,"1,165,260","103,224","23,134","31,907","14,319","33,864","78,438","19,535","17,855","41,048","37,280","44,057","18,280","25,777","66,184","26,876","48,330","7,477","55,949","29,709","26,240","89,464","39,742","24,758","24,964","4,483","16,505","65,237","22,496","46,710","22,309","12,377","25,865","99,347","22,847","41,570","34,930","40,644","18,040","16,047","43,108","85,052","34,624","20,007","11,314","8,355","2,742","4,312","8,407"
2020년05월_남_50~59세,"1,124,992","98,264","24,740","30,857","15,650","27,017","77,796","20,552","19,721","37,523","39,108","48,438","21,803","26,635","72,990","25,993","44,608","8,672","65,490","35,002","30,488","95,743","41,048","27,337","27,358","5,230","17,721","58,801","17,077","44,889","23,741","14,450","20,257","82,353","22,168","32,762","27,423","37,034","18,203","16,434","32,883","59,751","31,931","19,558","16,240","10,577","3,916","6,098","10,746"
2020년05월_남_60~69세,"721,909","56,477","14,475","18,730","10,500","12,772","53,507","15,274","14,816","23,417","26,108","33,841","16,354","17,487","52,442","18,136","25,646","6,170","35,012","18,371","16,641","57,340","26,711","15,597","15,032","3,380","11,722","38,456","9,263","22,594","15,643","10,418","15,985","48,347","14,820","18,479","15,048","23,083","12,544","12,008","22,267","33,062","22,825","13,670","12,532","8,966","3,748","6,009","10,708"
2020년05월_남_70~79세,"340,450","24,798","6,894","7,808","5,221","4,875","25,868","7,497","6,889","11,482","13,423","14,249","7,488","6,761","20,956","8,242","12,241","3,639","12,968","7,219","5,749","26,082","12,941","6,535","6,606","1,571","5,186","19,987","4,162","8,353","6,599","4,227","7,660","29,661","7,296","11,781","10,584","12,458","5,946","6,102","11,552","14,483","10,380","7,366","5,712","4,769","2,288","3,233","6,289"
2020년05월_남_80~89세,"121,136","8,401","2,600","2,501","1,688","1,612","8,889","2,146","1,936","4,807","4,921","4,736","2,429","2,307","6,370","2,554","4,739","1,535","4,629","2,655","1,974","11,484","5,217","3,046","3,221",647,"1,724","6,579","1,399","2,734","2,583","1,421","1,902","10,946","2,664","4,377","3,905","4,973","2,390","2,602","3,724","4,915","2,959","2,545","2,265","1,914",991,"1,374","2,291"
2020년05월_남_90~99세,"11,883",863,287,249,170,157,995,216,178,601,433,486,215,271,663,264,503,167,429,251,178,"1,179",506,334,339,87,172,577,98,252,306,157,212,"1,031",252,418,361,487,223,200,337,413,269,225,222,164,112,133,224
2020년05월_남_100세 이상,"1,109",78,21,26,22,9,129,61,47,21,46,51,26,25,59,37,72,18,27,14,13,85,55,19,11,9,24,61,14,27,23,16,33,35,12,16,7,59,19,12,18,33,22,10,28,16,16,18,14
2020년05월_여_총인구수,"6,620,438","591,864","137,136","183,634","87,042","184,052","474,879","115,941","107,949","250,989","230,759","282,795","120,857","161,938","415,836","159,164","253,002","47,151","318,794","171,181","147,613","548,875","239,151","153,613","156,111","30,918","100,149","354,454","109,953","228,588","138,901","82,368","140,039","539,260","124,431","222,708","192,121","224,215","105,117","89,740","222,814","401,879","183,859","110,833","69,839","54,689","20,759","30,391","58,554"
2020년05월_여_연령구간인구수,"6,620,438","591,864","137,136","183,634","87,042","184,052","474,879","115,941","107,949","250,989","230,759","282,795","120,857","161,938","415,836","159,164","253,002","47,151","318,794","171,181","147,613","548,875","239,151","153,613","156,111","30,918","100,149","354,454","109,953","228,588","138,901","82,368","140,039","539,260","124,431","222,708","192,121","224,215","105,117","89,740","222,814","401,879","183,859","110,833","69,839","54,689","20,759","30,391","58,554"
2020년05월_여_0~9세,"570,627","49,089","9,314","16,407","4,952","18,416","34,417","7,687","6,688","20,042","16,866","20,270","8,008","12,262","29,260","12,255","23,729","3,182","22,585","11,902","10,683","41,449","19,276","10,543","11,630","2,334","7,659","32,293","11,999","22,812","10,631","6,488","14,736","51,000","10,679","21,761","18,560","21,827","9,462","7,074","25,592","51,678","17,425","9,662","4,334","3,698","1,394","1,784","3,643"
2020년05월_여_10~19세,"650,670","58,506","14,127","16,386","7,027","20,966","43,592","8,539","8,361","26,692","20,866","26,157","9,365","16,792","35,310","15,618","25,527","4,372","32,055","17,128","14,927","52,154","20,549","14,621","16,984","3,062","8,993","37,602","12,118","23,995","13,333","7,274","11,866","59,635","12,200","24,883","22,552","23,329","10,791","8,827","22,383","46,232","16,349","11,661","6,057","4,699","1,500","2,247","4,560"
2020년05월_여_20~29세,"847,756","88,350","20,020","26,303","13,669","28,358","64,475","16,174","15,065","33,236","30,999","38,287","16,697","21,590","57,523","19,433","32,203","5,093","49,685","26,938","22,747","73,822","30,379","22,366","21,077","3,957","13,503","40,098","14,226","30,592","18,401","10,883","16,426","65,233","15,419","26,835","22,979","26,354","12,859","9,897","23,424","46,312","20,954","12,411","7,527","5,474","1,981","2,673","4,701"
2020년05월_여_30~39세,"930,618","87,922","16,162","28,576","11,470","31,714","68,241","16,232","14,683","37,326","29,294","38,450","16,032","22,418","57,975","21,942","35,815","5,011","39,325","20,322","19,003","72,154","33,336","19,871","18,947","4,128","13,415","46,277","18,224","34,245","18,970","11,119","23,931","75,415","16,285","31,439","27,691","31,120","14,324","10,611","36,380","72,556","28,111","13,313","6,707","5,610","1,869","2,732","5,432"
2020년05월_여_40~49세,"1,128,827","101,628","23,455","29,856","13,520","34,797","80,296","17,312","16,001","46,983","37,271","46,146","17,621","28,525","65,311","27,356","42,979","7,078","54,234","29,047","25,187","95,404","39,346","27,513","28,545","4,888","16,677","64,225","20,004","40,530","23,093","12,781","23,324","101,422","20,436","43,017","37,969","38,465","16,832","13,988","39,741","74,190","30,748","18,857","9,702","7,723","2,279","3,695","7,960"
2020년05월_여_50~59세,"1,092,886","98,346","24,711","31,736","15,111","26,788","78,254","19,896","19,620","38,738","40,254","51,067","22,481","28,586","76,954","26,403","40,418","7,729","61,719","33,155","28,564","97,971","41,295","28,259","28,417","5,485","18,283","56,356","15,690","39,505","24,671","15,437","20,756","79,181","20,621","32,073","26,487","33,621","16,928","14,635","31,364","51,612","30,662","17,724","13,321","9,561","3,381","5,389","10,209"
2020년05월_여_60~69세,"731,796","58,128","15,015","19,261","11,113","12,739","55,586","16,249","14,932","24,405","27,992","34,531","16,782","17,749","53,424","19,841","26,103","6,485","31,972","17,069","14,903","56,885","27,113","15,163","14,609","3,550","11,667","40,614","9,515","19,977","15,991","10,253","16,954","53,653","14,811","21,291","17,551","23,489","12,041","11,860","23,431","32,060","22,641","13,632","10,686","8,668","3,526","5,656","10,985"
2020년05월_여_70~79세,"411,182","30,847","8,668","9,339","6,536","6,304","31,265","9,105","8,179","13,981","17,202","17,014","8,681","8,333","24,625","10,190","15,819","5,093","16,143","9,284","6,859","35,124","17,056","8,846","9,222","2,026","6,408","23,738","5,317","10,192","8,186","4,801","7,685","35,070","8,476","14,139","12,455","15,857","6,960","7,285","13,166","16,591","11,017","8,581","6,711","5,374","2,773","3,610","6,512"
2020년05월_여_80~89세,"215,062","15,861","4,687","4,825","3,035","3,314","15,360","3,917","3,594","7,849","8,490","9,175","4,398","4,777","12,941","5,151","8,846","2,629","9,387","5,355","4,032","20,326","9,167","5,422","5,737","1,165","2,994","11,174","2,447","5,696","4,744","2,753","3,529","15,535","4,587","6,054","4,894","8,555","4,164","4,747","6,206","9,038","4,940","4,216","4,012","3,246","1,740","2,203","3,792"
2020년05월_여_90~99세,"37,971","2,958",911,877,543,627,"3,053",690,694,"1,669","1,361","1,576",736,840,"2,327",871,"1,396",417,"1,601",933,668,"3,347","1,480",968,899,281,497,"1,926",379,975,831,543,747,"2,960",860,"1,163",937,"1,465",709,772,"1,076","1,534",939,720,736,609,284,374,707
2020년05월_여_100세 이상,"3,043",229,66,68,66,29,340,140,132,68,164,122,56,66,186,104,167,62,88,48,40,239,154,41,44,42,53,151,34,69,50,36,85,156,57,53,46,133,47,44,51,76,73,56,46,27,32,28,53
2020년06월_계_총인구수,"13,338,020","1,191,542","275,875","370,648","175,468","369,551","939,748","234,729","218,485","486,534","455,520","558,017","241,830","316,187","825,700","312,774","523,881","94,143","654,450","349,514","304,936","1,076,996","473,812","299,323","303,861","61,309","198,461","707,485","228,111","481,430","276,039","163,622","283,256","1,073,115","256,918","440,831","375,366","456,073","218,465","185,305","449,039","836,662","377,525","226,015","148,015","111,341","43,618","62,662","117,701"
2020년06월_계_연령구간인구수,"13,338,020","1,191,542","275,875","370,648","175,468","369,551","939,748","234,729","218,485","486,534","455,520","558,017","241,830","316,187","825,700","312,774","523,881","94,143","654,450","349,514","304,936","1,076,996","473,812","299,323","303,861","61,309","198,461","707,485","228,111","481,430","276,039","163,622","283,256","1,073,115","256,918","440,831","375,366","456,073","218,465","185,305","449,039","836,662","377,525","226,015","148,015","111,341","43,618","62,662","117,701"
2020년06월_계_0~9세,"1,166,941","100,857","19,176","33,680","9,926","38,075","70,354","15,472","13,843","41,039","34,754","41,023","16,184","24,839","59,795","24,911","48,507","6,584","45,844","24,106","21,738","84,231","39,165","21,468","23,598","4,958","15,746","66,356","24,491","46,723","21,724","13,449","30,221","103,820","21,697","44,446","37,677","44,481","19,432","14,484","52,458","105,780","35,792","19,797","8,944","7,624","2,862","3,505","7,434"
2020년06월_계_10~19세,"1,340,623","120,611","29,315","34,000","14,336","42,960","89,109","17,552","17,145","54,412","42,919","53,914","19,447","34,467","72,434","31,954","52,815","8,768","65,927","35,061","30,866","106,865","42,033","30,214","34,618","6,330","18,570","77,658","24,838","49,437","27,299","14,959","24,348","123,661","26,675","51,317","45,669","48,297","23,356","18,483","45,816","94,699","33,598","23,911","12,625","9,699","3,230","4,790","9,703"
2020년06월_계_20~29세,"1,791,260","187,086","44,199","54,975","28,666","59,246","132,270","34,125","31,428","66,717","63,363","79,323","34,971","44,352","118,809","40,475","71,234","11,188","106,107","57,608","48,499","151,111","62,969","44,982","43,160","8,450","27,508","83,836","30,949","67,202","38,641","23,046","34,097","135,948","33,984","55,773","46,191","55,677","29,636","22,027","48,959","100,725","44,547","26,920","17,943","12,089","5,408","6,195","10,491"
2020년06월_계_30~39세,"1,914,790","182,108","33,474","59,710","24,894","64,030","137,890","34,767","31,501","71,622","59,777","78,587","33,723","44,864","118,715","44,097","78,308","10,362","86,300","44,267","42,033","142,921","67,309","38,544","37,068","8,420","26,980","90,736","39,496","74,141","39,282","22,750","48,582","148,399","34,258","61,455","52,686","66,501","30,734","23,199","71,607","150,859","58,658","27,614","14,874","11,750","4,290","5,895","10,958"
2020년06월_계_40~49세,"2,295,521","204,658","46,417","61,778","27,780","68,683","158,577","36,819","33,844","87,914","74,609","89,886","35,870","54,016","131,496","53,927","91,649","14,482","110,061","58,666","51,395","184,635","79,058","52,149","53,428","9,449","33,119","129,554","42,651","87,594","45,379","25,058","49,539","200,871","43,412","84,519","72,940","79,254","34,856","30,104","83,297","159,803","65,609","39,007","20,917","16,079","5,024","8,010","16,367"
2020년06월_계_50~59세,"2,217,025","196,414","49,378","62,480","30,729","53,827","155,758","40,426","39,125","76,207","79,341","99,025","44,120","54,905","149,453","52,021","85,180","16,373","127,063","68,125","58,938","193,639","82,213","55,585","55,841","10,778","35,892","115,155","32,796","84,680","48,421","29,742","41,098","161,887","42,786","65,053","54,048","70,777","35,092","31,066","64,394","111,768","62,616","37,335","29,491","20,132","7,244","11,489","20,905"
2020년06월_계_60~69세,"1,466,163","115,514","29,693","38,287","21,785","25,749","109,763","31,733","29,939","48,091","54,529","68,721","33,389","35,332","106,642","38,015","52,279","12,788","67,751","35,874","31,877","115,408","54,381","31,052","29,975","7,075","23,580","79,727","18,967","43,200","31,907","20,716","33,315","102,704","29,847","40,033","32,824","46,974","24,850","24,065","46,205","65,757","45,889","27,564","23,458","17,797","7,321","11,788","21,894"
2020년06월_계_70~79세,"754,497","55,854","15,620","17,198","11,810","11,226","57,222","16,650","15,079","25,493","30,732","31,373","16,262","15,111","45,785","18,401","28,171","8,752","29,232","16,547","12,685","61,423","30,109","15,444","15,870","3,620","11,590","43,924","9,535","18,651","14,814","9,004","15,499","65,051","15,833","26,085","23,133","28,368","12,926","13,456","24,841","31,268","21,560","16,047","12,458","10,176","5,058","6,857","12,849"
2020년06월_계_80~89세,"336,956","24,312","7,321","7,321","4,735","4,935","24,264","6,071","5,527","12,666","13,481","13,910","6,832","7,078","19,350","7,706","13,594","4,172","14,005","8,004","6,001","31,878","14,390","8,508","8,980","1,813","4,723","17,799","3,861","8,479","7,351","4,154","5,471","26,574","7,235","10,506","8,833","13,578","6,582","7,384","9,980","13,948","7,953","6,793","6,270","5,168","2,736","3,577","6,090"
2020년06월_계_90~99세,"50,079","3,820","1,194","1,126",718,782,"4,069",913,876,"2,280","1,804","2,081",950,"1,131","2,979","1,125","1,907",593,"2,039","1,192",847,"4,564","1,979","1,317","1,268",364,675,"2,527",479,"1,227","1,147",691,965,"4,007","1,121","1,576","1,310","1,975",936,981,"1,413","1,950","1,206",961,963,780,399,510,942
2020년06월_계_100세 이상,"4,165",308,88,93,89,38,472,201,178,93,211,174,82,92,242,142,237,81,121,64,57,321,206,60,55,52,78,213,48,96,74,53,121,193,70,68,55,191,65,56,69,105,97,66,72,47,46,46,68
2020년06월_남_총인구수,"6,711,047","599,868","138,916","187,043","88,401","185,508","465,307","118,800","110,657","235,850","224,416","276,140","121,115","155,025","409,982","154,425","270,183","46,951","335,477","178,205","157,272","527,663","234,384","145,711","147,568","30,125","98,503","352,439","117,949","251,904","137,037","81,480","142,312","532,935","132,115","217,823","182,997","231,522","113,002","95,447","225,141","433,894","193,232","114,757","78,233","56,582","22,851","32,242","59,048"
2020년06월_남_연령구간인구수,"6,711,047","599,868","138,916","187,043","88,401","185,508","465,307","118,800","110,657","235,850","224,416","276,140","121,115","155,025","409,982","154,425","270,183","46,951","335,477","178,205","157,272","527,663","234,384","145,711","147,568","30,125","98,503","352,439","117,949","251,904","137,037","81,480","142,312","532,935","132,115","217,823","182,997","231,522","113,002","95,447","225,141","433,894","193,232","114,757","78,233","56,582","22,851","32,242","59,048"
2020년06월_남_0~9세,"597,691","51,999","9,918","17,310","5,043","19,728","36,058","7,834","7,146","21,078","17,912","20,904","8,243","12,661","30,639","12,742","24,774","3,427","23,322","12,259","11,063","42,918","19,925","10,976","12,017","2,586","8,150","34,117","12,497","23,908","11,116","6,986","15,438","52,977","11,063","22,762","19,152","22,703","10,012","7,435","26,808","54,183","18,399","10,117","4,644","3,930","1,466","1,731","3,793"
2020년06월_남_10~19세,"690,470","62,342","15,289","17,669","7,337","22,047","45,709","9,038","8,837","27,834","22,091","27,876","10,110","17,766","37,231","16,438","27,259","4,402","33,977","17,955","16,022","54,880","21,543","15,649","17,688","3,285","9,598","39,996","12,732","25,459","14,052","7,711","12,435","63,852","14,280","26,429","23,143","24,934","12,306","9,665","23,348","48,369","17,257","12,230","6,612","5,019","1,727","2,540","5,138"
2020년06월_남_20~29세,"942,471","98,563","24,145","28,656","14,924","30,838","67,800","17,943","16,354","33,503","32,317","41,290","18,321","22,969","61,334","21,179","38,937","6,079","56,397","30,636","25,761","77,275","32,586","22,621","22,068","4,444","14,076","43,628","16,713","36,449","20,174","12,178","17,509","70,494","18,487","28,841","23,166","29,332","16,744","12,118","25,376","54,306","23,523","14,441","10,415","6,634","3,432","3,525","5,789"
2020년06월_남_30~39세,"985,236","94,438","17,400","31,182","13,441","32,415","69,908","18,611","16,885","34,412","30,471","40,325","17,749","22,576","60,878","22,286","42,413","5,341","46,915","23,946","22,969","70,706","33,896","18,721","18,089","4,242","13,635","44,527","21,267","39,795","20,370","11,664","24,506","73,188","18,028","30,108","25,052","35,420","16,415","12,637","35,139","78,331","30,650","14,273","8,206","6,138","2,424","3,178","5,550"
2020년06월_남_40~49세,"1,166,172","103,127","23,025","31,914","14,307","33,881","78,371","19,497","17,854","41,020","37,335","43,937","18,287","25,650","66,188","26,748","48,529","7,455","55,953","29,693","26,260","89,330","39,691","24,708","24,931","4,529","16,462","65,224","22,592","46,904","22,305","12,321","26,047","99,353","22,903","41,512","34,938","40,720","18,038","16,090","43,324","85,399","34,743","20,092","11,238","8,346","2,745","4,317","8,410"
2020년06월_남_50~59세,"1,124,534","98,167","24,702","30,796","15,632","27,037","77,672","20,546","19,637","37,489","39,080","48,224","21,698","26,526","72,765","25,818","44,741","8,630","65,347","34,940","30,407","95,677","40,998","27,312","27,367","5,253","17,649","58,810","17,101","45,035","23,715","14,394","20,325","82,568","22,193","32,898","27,477","37,078","18,203","16,446","32,946","59,947","31,898","19,576","16,202","10,575","3,887","6,103","10,702"
2020년06월_남_60~69세,"728,210","56,981","14,595","18,908","10,587","12,891","53,820","15,383","14,882","23,555","26,312","33,985","16,488","17,497","52,777","18,151","25,898","6,246","35,461","18,612","16,849","57,941","27,001","15,747","15,193","3,458","11,824","38,828","9,338","22,939","15,777","10,422","16,159","48,645","14,902","18,585","15,158","23,321","12,675","12,094","22,488","33,424","23,033","13,823","12,673","9,051","3,765","6,080","10,821"
2020년06월_남_70~79세,"341,782","24,865","6,909","7,830","5,238","4,888","25,949","7,519","6,902","11,528","13,475","14,316","7,544","6,772","21,062","8,216","12,311","3,652","13,007","7,229","5,778","26,171","12,970","6,569","6,632","1,588","5,174","20,070","4,200","8,402","6,613","4,216","7,729","29,779","7,337","11,839","10,603","12,476","5,961","6,132","11,603","14,575","10,460","7,413","5,735","4,790","2,287","3,246","6,309"
2020년06월_남_80~89세,"121,415","8,440","2,626","2,505","1,695","1,614","8,891","2,150","1,932","4,809","4,942","4,741","2,435","2,306","6,378","2,547","4,744","1,532","4,639","2,666","1,973","11,491","5,210","3,054","3,227",645,"1,738","6,596","1,398","2,734","2,589","1,418","1,920","11,004","2,653","4,411","3,940","4,982","2,403","2,617","3,750","4,916","2,977","2,551","2,262","1,913",990,"1,369","2,298"
2020년06월_남_90~99세,"11,953",868,286,247,175,160,999,218,180,601,435,491,214,277,671,263,505,169,431,255,176,"1,190",510,335,345,86,173,581,97,252,303,154,210,"1,040",257,422,361,497,226,201,340,411,269,231,219,169,113,135,224
2020년06월_남_100세 이상,"1,113",78,21,26,22,9,130,61,48,21,46,51,26,25,59,37,72,18,28,14,14,84,54,19,11,9,24,62,14,27,23,16,34,35,12,16,7,59,19,12,19,33,23,10,27,17,15,18,14
2020년06월_여_총인구수,"6,626,973","591,674","136,959","183,605","87,067","184,043","474,441","115,929","107,828","250,684","231,104","281,877","120,715","161,162","415,718","158,349","253,698","47,192","318,973","171,309","147,664","549,333","239,428","153,612","156,293","31,184","99,958","355,046","110,162","229,526","139,002","82,142","140,944","540,180","124,803","223,008","192,369","224,551","105,463","89,858","223,898","402,768","184,293","111,258","69,782","54,759","20,767","30,420","58,653"
2020년06월_여_연령구간인구수,"6,626,973","591,674","136,959","183,605","87,067","184,043","474,441","115,929","107,828","250,684","231,104","281,877","120,715","161,162","415,718","158,349","253,698","47,192","318,973","171,309","147,664","549,333","239,428","153,612","156,293","31,184","99,958","355,046","110,162","229,526","139,002","82,142","140,944","540,180","124,803","223,008","192,369","224,551","105,463","89,858","223,898","402,768","184,293","111,258","69,782","54,759","20,767","30,420","58,653"
2020년06월_여_0~9세,"569,250","48,858","9,258","16,370","4,883","18,347","34,296","7,638","6,697","19,961","16,842","20,119","7,941","12,178","29,156","12,169","23,733","3,157","22,522","11,847","10,675","41,313","19,240","10,492","11,581","2,372","7,596","32,239","11,994","22,815","10,608","6,463","14,783","50,843","10,634","21,684","18,525","21,778","9,420","7,049","25,650","51,597","17,393","9,680","4,300","3,694","1,396","1,774","3,641"
2020년06월_여_10~19세,"650,153","58,269","14,026","16,331","6,999","20,913","43,400","8,514","8,308","26,578","20,828","26,038","9,337","16,701","35,203","15,516","25,556","4,366","31,950","17,106","14,844","51,985","20,490","14,565","16,930","3,045","8,972","37,662","12,106","23,978","13,247","7,248","11,913","59,809","12,395","24,888","22,526","23,363","11,050","8,818","22,468","46,330","16,341","11,681","6,013","4,680","1,503","2,250","4,565"
2020년06월_여_20~29세,"848,789","88,523","20,054","26,319","13,742","28,408","64,470","16,182","15,074","33,214","31,046","38,033","16,650","21,383","57,475","19,296","32,297","5,109","49,710","26,972","22,738","73,836","30,383","22,361","21,092","4,006","13,432","40,208","14,236","30,753","18,467","10,868","16,588","65,454","15,497","26,932","23,025","26,345","12,892","9,909","23,583","46,419","21,024","12,479","7,528","5,455","1,976","2,670","4,702"
2020년06월_여_30~39세,"929,554","87,670","16,074","28,528","11,453","31,615","67,982","16,156","14,616","37,210","29,306","38,262","15,974","22,288","57,837","21,811","35,895","5,021","39,385","20,321","19,064","72,215","33,413","19,823","18,979","4,178","13,345","46,209","18,229","34,346","18,912","11,086","24,076","75,211","16,230","31,347","27,634","31,081","14,319","10,562","36,468","72,528","28,008","13,341","6,668","5,612","1,866","2,717","5,408"
2020년06월_여_40~49세,"1,129,349","101,531","23,392","29,864","13,473","34,802","80,206","17,322","15,990","46,894","37,274","45,949","17,583","28,366","65,308","27,179","43,120","7,027","54,108","28,973","25,135","95,305","39,367","27,441","28,497","4,920","16,657","64,330","20,059","40,690","23,074","12,737","23,492","101,518","20,509","43,007","38,002","38,534","16,818","14,014","39,973","74,404","30,866","18,915","9,679","7,733","2,279","3,693","7,957"
2020년06월_여_50~59세,"1,092,491","98,247","24,676","31,684","15,097","26,790","78,086","19,880","19,488","38,718","40,261","50,801","22,422","28,379","76,688","26,203","40,439","7,743","61,716","33,185","28,531","97,962","41,215","28,273","28,474","5,525","18,243","56,345","15,695","39,645","24,706","15,348","20,773","79,319","20,593","32,155","26,571","33,699","16,889","14,620","31,448","51,821","30,718","17,759","13,289","9,557","3,357","5,386","10,203"
2020년06월_여_60~69세,"737,953","58,533","15,098","19,379","11,198","12,858","55,943","16,350","15,057","24,536","28,217","34,736","16,901","17,835","53,865","19,864","26,381","6,542","32,290","17,262","15,028","57,467","27,380","15,305","14,782","3,617","11,756","40,899","9,629","20,261","16,130","10,294","17,156","54,059","14,945","21,448","17,666","23,653","12,175","11,971","23,717","32,333","22,856","13,741","10,785","8,746","3,556","5,708","11,073"
2020년06월_여_70~79세,"412,715","30,989","8,711","9,368","6,572","6,338","31,273","9,131","8,177","13,965","17,257","17,057","8,718","8,339","24,723","10,185","15,860","5,100","16,225","9,318","6,907","35,252","17,139","8,875","9,238","2,032","6,416","23,854","5,335","10,249","8,201","4,788","7,770","35,272","8,496","14,246","12,530","15,892","6,965","7,324","13,238","16,693","11,100","8,634","6,723","5,386","2,771","3,611","6,540"
2020년06월_여_80~89세,"215,541","15,872","4,695","4,816","3,040","3,321","15,373","3,921","3,595","7,857","8,539","9,169","4,397","4,772","12,972","5,159","8,850","2,640","9,366","5,338","4,028","20,387","9,180","5,454","5,753","1,168","2,985","11,203","2,463","5,745","4,762","2,736","3,551","15,570","4,582","6,095","4,893","8,596","4,179","4,767","6,230","9,032","4,976","4,242","4,008","3,255","1,746","2,208","3,792"
2020년06월_여_90~99세,"38,126","2,952",908,879,543,622,"3,070",695,696,"1,679","1,369","1,590",736,854,"2,308",862,"1,402",424,"1,608",937,671,"3,374","1,469",982,923,278,502,"1,946",382,975,844,537,755,"2,967",864,"1,154",949,"1,478",710,780,"1,073","1,539",937,730,744,611,286,375,718
2020년06월_여_100세 이상,"3,052",230,67,67,67,29,342,140,130,72,165,123,56,67,183,105,165,63,93,50,43,237,152,41,44,43,54,151,34,69,51,37,87,158,58,52,48,132,46,44,50,72,74,56,45,30,31,28,54
2020년07월_계_총인구수,"13,351,891","1,191,244","275,479","370,548","175,247","369,970","938,982","234,993","218,146","485,843","455,671","556,561","241,478","315,083","824,675","311,119","525,378","93,985","654,093","349,189","304,904","1,077,347","474,118","299,328","303,901","61,717","198,212","709,247","228,323","484,164","275,995","163,049","284,507","1,074,968","257,732","441,190","376,046","456,788","218,954","185,544","451,842","839,493","378,723","227,972","147,809","111,400","43,566","62,632","117,931"
2020년07월_계_연령구간인구수,"13,351,891","1,191,244","275,479","370,548","175,247","369,970","938,982","234,993","218,146","485,843","455,671","556,561","241,478","315,083","824,675","311,119","525,378","93,985","654,093","349,189","304,904","1,077,347","474,118","299,328","303,901","61,717","198,212","709,247","228,323","484,164","275,995","163,049","284,507","1,074,968","257,732","441,190","376,046","456,788","218,954","185,544","451,842","839,493","378,723","227,972","147,809","111,400","43,566","62,632","117,931"
2020년07월_계_0~9세,"1,164,671","100,439","19,034","33,584","9,850","37,971","70,069","15,469","13,749","40,851","34,555","40,815","16,119","24,696","59,451","24,748","48,577","6,534","45,583","23,898","21,685","83,989","39,100","21,379","23,510","5,005","15,686","66,380","24,399","47,011","21,613","13,368","30,227","103,560","21,654","44,251","37,655","44,359","19,354","14,436","52,697","105,792","35,731","20,066","8,879","7,601","2,833","3,494","7,420"
2020년07월_계_10~19세,"1,339,699","120,161","29,186","33,878","14,241","42,856","88,789","17,482","17,058","54,249","42,816","53,638","19,332","34,306","72,142","31,773","52,809","8,699","65,571","34,843","30,728","106,613","41,951","30,117","34,545","6,308","18,499","77,701","24,886","49,490","27,237","14,899","24,385","123,882","26,940","51,319","45,623","48,281","23,630","18,497","46,031","95,091","33,847","24,081","12,554","9,697","3,208","4,758","9,726"
2020년07월_계_20~29세,"1,792,794","187,083","44,152","54,952","28,689","59,290","132,166","34,133","31,441","66,592","63,429","78,975","34,899","44,076","118,565","40,214","71,509","11,199","106,098","57,634","48,464","150,981","62,917","44,958","43,106","8,546","27,416","84,122","30,922","67,392","38,570","22,962","34,336","136,408","34,166","55,941","46,301","55,801","29,739","22,037","49,311","101,119","44,710","27,045","17,925","12,084","5,389","6,223","10,518"
2020년07월_계_30~39세,"1,912,629","181,719","33,316","59,475","24,797","64,131","137,389","34,736","31,350","71,303","59,604","78,218","33,562","44,656","118,350","43,707","78,517","10,295","86,119","44,142","41,977","142,803","67,261","38,509","37,033","8,495","26,874","90,658","39,380","74,718","39,196","22,575","48,776","148,107","34,193","61,242","52,672","66,390","30,686","23,145","72,023","150,694","58,584","28,027","14,782","11,718","4,274","5,864","10,942"
2020년07월_계_40~49세,"2,296,589","204,528","46,291","61,795","27,693","68,749","158,362","36,872","33,746","87,744","74,531","89,590","35,789","53,801","131,139","53,654","91,885","14,445","109,713","58,428","51,285","184,397","79,076","51,983","53,338","9,489","33,062","129,868","42,815","88,002","45,322","24,926","49,826","200,884","43,501","84,395","72,988","79,305","34,844","30,144","83,930","160,531","65,855","39,252","20,844","16,067","5,020","8,007","16,352"
2020년07월_계_50~59세,"2,220,221","196,537","49,361","62,490","30,720","53,966","155,708","40,452","39,027","76,229","79,484","98,707","44,033","54,674","149,234","51,778","85,361","16,338","127,190","68,198","58,992","193,810","82,259","55,692","55,859","10,860","35,882","115,550","32,853","85,087","48,438","29,638","41,185","162,562","42,873","65,418","54,271","71,097","35,155","31,117","64,684","112,444","62,740","37,638","29,420","20,092","7,231","11,466","20,935"
2020년07월_계_60~69세,"1,474,875","116,194","29,863","38,505","21,837","25,989","110,213","31,885","30,055","48,273","54,857","68,988","33,557","35,431","107,174","37,944","52,634","12,840","68,207","36,128","32,079","116,196","54,697","31,276","30,223","7,112","23,674","80,143","19,105","43,788","32,094","20,761","33,561","103,259","30,047","40,216","32,996","47,231","24,948","24,224","46,617","66,280","46,302","27,859","23,577","17,924","7,341","11,821","22,007"
2020년07월_계_70~79세,"757,425","56,025","15,635","17,295","11,842","11,253","57,368","16,735","15,106","25,527","30,807","31,453","16,301","15,152","45,993","18,351","28,285","8,778","29,361","16,608","12,753","61,597","30,171","15,477","15,949","3,655","11,619","44,163","9,563","18,819","14,928","9,034","15,594","65,301","15,911","26,146","23,244","28,488","12,982","13,479","25,022","31,469","21,636","16,132","12,483","10,210","5,064","6,858","12,908"
2020년07월_계_80~89세,"338,524","24,418","7,355","7,352","4,771","4,940","24,349","6,102","5,556","12,691","13,574","13,925","6,862","7,063","19,394","7,696","13,647","4,187","14,078","8,050","6,028","32,045","14,486","8,560","8,999","1,825","4,746","17,907","3,872","8,517","7,373","4,136","5,529","26,807","7,256","10,620","8,931","13,653","6,620","7,414","10,036","14,013","8,002","6,830","6,301","5,182","2,754","3,578","6,116"
2020년07월_계_90~99세,"50,274","3,833","1,199","1,130",718,786,"4,087",923,876,"2,288","1,800","2,080",944,"1,136","2,992","1,112","1,917",589,"2,048","1,193",855,"4,591","1,991","1,318","1,282",371,676,"2,543",480,"1,244","1,151",698,964,"4,005","1,121","1,575","1,309","1,989",932,995,"1,420","1,955","1,218",972,971,778,405,517,941
2020년07월_계_100세 이상,"4,190",307,87,92,89,39,482,204,182,96,214,172,80,92,241,142,237,81,125,67,58,325,209,59,57,51,78,212,48,96,73,52,124,193,70,67,56,194,64,56,71,105,98,70,73,47,47,46,66
2020년07월_남_총인구수,"6,717,812","599,719","138,705","187,000","88,324","185,690","465,033","118,933","110,495","235,605","224,479","275,318","120,904","154,414","409,371","153,575","271,051","46,904","335,259","178,010","157,249","527,701","234,514","145,684","147,503","30,296","98,386","353,217","118,057","253,293","137,053","81,175","142,973","533,772","132,481","217,948","183,343","231,825","113,271","95,575","226,602","435,377","193,796","115,695","78,166","56,600","22,834","32,247","59,192"
2020년07월_남_연령구간인구수,"6,717,812","599,719","138,705","187,000","88,324","185,690","465,033","118,933","110,495","235,605","224,479","275,318","120,904","154,414","409,371","153,575","271,051","46,904","335,259","178,010","157,249","527,701","234,514","145,684","147,503","30,296","98,386","353,217","118,057","253,293","137,053","81,175","142,973","533,772","132,481","217,948","183,343","231,825","113,271","95,575","226,602","435,377","193,796","115,695","78,166","56,600","22,834","32,247","59,192"
2020년07월_남_0~9세,"596,586","51,778","9,851","17,238","5,003","19,686","35,925","7,846","7,095","20,984","17,841","20,790","8,206","12,584","30,481","12,675","24,806","3,398","23,203","12,164","11,039","42,816","19,917","10,940","11,959","2,604","8,137","34,141","12,449","24,054","11,048","6,939","15,424","52,879","11,058","22,682","19,139","22,632","9,966","7,413","26,946","54,149","18,364","10,225","4,610","3,915","1,450","1,728","3,800"
2020년07월_남_10~19세,"689,824","62,157","15,216","17,620","7,293","22,028","45,567","9,001","8,799","27,767","22,049","27,739","10,049","17,690","37,091","16,336","27,252","4,366","33,767","17,818","15,949","54,724","21,495","15,592","17,637","3,269","9,526","39,974","12,740","25,487","14,032","7,680","12,451","63,896","14,344","26,432","23,120","24,912","12,448","9,651","23,457","48,593","17,348","12,329","6,582","5,013","1,715","2,519","5,154"
2020년07월_남_20~29세,"943,417","98,531","24,127","28,648","14,938","30,818","67,802","17,958","16,371","33,473","32,318","41,136","18,290","22,846","61,186","21,044","39,121","6,092","56,431","30,678","25,753","77,169","32,554","22,604","22,011","4,489","14,061","43,738","16,703","36,524","20,145","12,132","17,637","70,711","18,598","28,903","23,210","29,458","16,816","12,162","25,578","54,509","23,613","14,484","10,406","6,638","3,414","3,557","5,812"
2020년07월_남_30~39세,"984,344","94,262","17,334","31,074","13,395","32,459","69,668","18,605","16,779","34,284","30,391","40,101","17,646","22,455","60,690","22,063","42,519","5,318","46,779","23,857","22,922","70,663","33,863","18,706","18,094","4,285","13,572","44,566","21,239","40,100","20,354","11,563","24,633","73,076","17,998","30,015","25,063","35,307","16,419","12,604","35,355","78,306","30,599","14,477","8,168","6,132","2,427","3,169","5,539"
2020년07월_남_40~49세,"1,166,569","103,043","22,952","31,917","14,281","33,893","78,254","19,516","17,805","40,933","37,317","43,777","18,253","25,524","65,988","26,601","48,693","7,443","55,801","29,580","26,221","89,221","39,710","24,629","24,882","4,540","16,439","65,278","22,660","47,153","22,269","12,253","26,201","99,364","22,972","41,403","34,989","40,743","18,003","16,115","43,634","85,720","34,884","20,218","11,222","8,313","2,744","4,298","8,380"
2020년07월_남_50~59세,"1,126,057","98,210","24,659","30,787","15,660","27,104","77,673","20,559","19,603","37,511","39,119","48,023","21,647","26,376","72,643","25,739","44,845","8,629","65,337","34,937","30,400","95,713","41,026","27,340","27,347","5,297","17,650","59,034","17,116","45,216","23,738","14,354","20,376","82,843","22,193","33,090","27,560","37,231","18,258","16,464","33,106","60,306","31,983","19,727","16,157","10,564","3,884","6,096","10,726"
2020년07월_남_60~69세,"732,581","57,337","14,694","19,043","10,594","13,006","54,059","15,459","14,947","23,653","26,472","34,098","16,559","17,539","52,972","18,090","26,095","6,262","35,742","18,763","16,979","58,325","27,142","15,852","15,331","3,463","11,858","39,026","9,413","23,245","15,863","10,434","16,291","48,937","15,028","18,670","15,239","23,457","12,716","12,188","22,717","33,744","23,210","13,950","12,740","9,107","3,781","6,105","10,884"
2020년07월_남_70~79세,"343,170","24,956","6,918","7,881","5,255","4,902","25,998","7,529","6,928","11,541","13,517","14,360","7,576","6,784","21,175","8,194","12,370","3,669","13,086","7,269","5,817","26,257","12,998","6,604","6,655","1,602","5,195","20,167","4,214","8,487","6,676","4,238","7,764","29,873","7,370","11,847","10,656","12,520","5,986","6,140","11,675","14,658","10,499","7,457","5,750","4,807","2,297","3,239","6,344"
2020년07월_남_80~89세,"122,154","8,494","2,647","2,517","1,707","1,623","8,948","2,176","1,940","4,832","4,981","4,753","2,439","2,314","6,413","2,536","4,773","1,542","4,650","2,673","1,977","11,540","5,252","3,057","3,231",651,"1,749","6,644","1,409","2,746","2,595","1,410","1,950","11,110","2,652","4,461","3,997","5,008","2,416","2,627","3,778","4,949","3,003","2,581","2,281","1,928",993,"1,379","2,317"
2020년07월_남_90~99세,"11,990",872,286,249,175,162,"1,007",222,179,606,428,490,213,277,672,259,504,167,435,257,178,"1,187",502,341,344,87,175,588,100,253,311,157,211,"1,047",256,429,362,498,225,199,338,410,270,236,223,167,114,138,222
2020년07월_남_100세 이상,"1,120",79,21,26,23,9,132,62,49,21,46,51,26,25,60,38,73,18,28,14,14,86,55,19,12,9,24,61,14,28,22,15,35,36,12,16,8,59,18,12,18,33,23,11,27,16,15,19,14
2020년07월_여_총인구수,"6,634,079","591,525","136,774","183,548","86,923","184,280","473,949","116,060","107,651","250,238","231,192","281,243","120,574","160,669","415,304","157,544","254,327","47,081","318,834","171,179","147,655","549,646","239,604","153,644","156,398","31,421","99,826","356,030","110,266","230,871","138,942","81,874","141,534","541,196","125,251","223,242","192,703","224,963","105,683","89,969","225,240","404,116","184,927","112,277","69,643","54,800","20,732","30,385","58,739"
2020년07월_여_연령구간인구수,"6,634,079","591,525","136,774","183,548","86,923","184,280","473,949","116,060","107,651","250,238","231,192","281,243","120,574","160,669","415,304","157,544","254,327","47,081","318,834","171,179","147,655","549,646","239,604","153,644","156,398","31,421","99,826","356,030","110,266","230,871","138,942","81,874","141,534","541,196","125,251","223,242","192,703","224,963","105,683","89,969","225,240","404,116","184,927","112,277","69,643","54,800","20,732","30,385","58,739"
2020년07월_여_0~9세,"568,085","48,661","9,183","16,346","4,847","18,285","34,144","7,623","6,654","19,867","16,714","20,025","7,913","12,112","28,970","12,073","23,771","3,136","22,380","11,734","10,646","41,173","19,183","10,439","11,551","2,401","7,549","32,239","11,950","22,957","10,565","6,429","14,803","50,681","10,596","21,569","18,516","21,727","9,388","7,023","25,751","51,643","17,367","9,841","4,269","3,686","1,383","1,766","3,620"
2020년07월_여_10~19세,"649,875","58,004","13,970","16,258","6,948","20,828","43,222","8,481","8,259","26,482","20,767","25,899","9,283","16,616","35,051","15,437","25,557","4,333","31,804","17,025","14,779","51,889","20,456","14,525","16,908","3,039","8,973","37,727","12,146","24,003","13,205","7,219","11,934","59,986","12,596","24,887","22,503","23,369","11,182","8,846","22,574","46,498","16,499","11,752","5,972","4,684","1,493","2,239","4,572"
2020년07월_여_20~29세,"849,377","88,552","20,025","26,304","13,751","28,472","64,364","16,175","15,070","33,119","31,111","37,839","16,609","21,230","57,379","19,170","32,388","5,107","49,667","26,956","22,711","73,812","30,363","22,354","21,095","4,057","13,355","40,384","14,219","30,868","18,425","10,830","16,699","65,697","15,568","27,038","23,091","26,343","12,923","9,875","23,733","46,610","21,097","12,561","7,519","5,446","1,975","2,666","4,706"
2020년07월_여_30~39세,"928,285","87,457","15,982","28,401","11,402","31,672","67,721","16,131","14,571","37,019","29,213","38,117","15,916","22,201","57,660","21,644","35,998","4,977","39,340","20,285","19,055","72,140","33,398","19,803","18,939","4,210","13,302","46,092","18,141","34,618","18,842","11,012","24,143","75,031","16,195","31,227","27,609","31,083","14,267","10,541","36,668","72,388","27,985","13,550","6,614","5,586","1,847","2,695","5,403"
2020년07월_여_40~49세,"1,130,020","101,485","23,339","29,878","13,412","34,856","80,108","17,356","15,941","46,811","37,214","45,813","17,536","28,277","65,151","27,053","43,192","7,002","53,912","28,848","25,064","95,176","39,366","27,354","28,456","4,949","16,623","64,590","20,155","40,849","23,053","12,673","23,625","101,520","20,529","42,992","37,999","38,562","16,841","14,029","40,296","74,811","30,971","19,034","9,622","7,754","2,276","3,709","7,972"
2020년07월_여_50~59세,"1,094,164","98,327","24,702","31,703","15,060","26,862","78,035","19,893","19,424","38,718","40,365","50,684","22,386","28,298","76,591","26,039","40,516","7,709","61,853","33,261","28,592","98,097","41,233","28,352","28,512","5,563","18,232","56,516","15,737","39,871","24,700","15,284","20,809","79,719","20,680","32,328","26,711","33,866","16,897","14,653","31,578","52,138","30,757","17,911","13,263","9,528","3,347","5,370","10,209"
2020년07월_여_60~69세,"742,294","58,857","15,169","19,462","11,243","12,983","56,154","16,426","15,108","24,620","28,385","34,890","16,998","17,892","54,202","19,854","26,539","6,578","32,465","17,365","15,100","57,871","27,555","15,424","14,892","3,649","11,816","41,117","9,692","20,543","16,231","10,327","17,270","54,322","15,019","21,546","17,757","23,774","12,232","12,036","23,900","32,536","23,092","13,909","10,837","8,817","3,560","5,716","11,123"
2020년07월_여_70~79세,"414,255","31,069","8,717","9,414","6,587","6,351","31,370","9,206","8,178","13,986","17,290","17,093","8,725","8,368","24,818","10,157","15,915","5,109","16,275","9,339","6,936","35,340","17,173","8,873","9,294","2,053","6,424","23,996","5,349","10,332","8,252","4,796","7,830","35,428","8,541","14,299","12,588","15,968","6,996","7,339","13,347","16,811","11,137","8,675","6,733","5,403","2,767","3,619","6,564"
2020년07월_여_80~89세,"216,370","15,924","4,708","4,835","3,064","3,317","15,401","3,926","3,616","7,859","8,593","9,172","4,423","4,749","12,981","5,160","8,874","2,645","9,428","5,377","4,051","20,505","9,234","5,503","5,768","1,174","2,997","11,263","2,463","5,771","4,778","2,726","3,579","15,697","4,604","6,159","4,934","8,645","4,204","4,787","6,258","9,064","4,999","4,249","4,020","3,254","1,761","2,199","3,799"
2020년07월_여_90~99세,"38,284","2,961",913,881,543,624,"3,080",701,697,"1,682","1,372","1,590",731,859,"2,320",853,"1,413",422,"1,613",936,677,"3,404","1,489",977,938,284,501,"1,955",380,991,840,541,753,"2,958",865,"1,146",947,"1,491",707,796,"1,082","1,545",948,736,748,611,291,379,719
2020년07월_여_100세 이상,"3,070",228,66,66,66,30,350,142,133,75,168,121,54,67,181,104,164,63,97,53,44,239,154,40,45,42,54,151,34,68,51,37,89,157,58,51,48,135,46,44,53,72,75,59,46,31,32,27,52
2020년08월_계_총인구수,"13,370,714","1,190,074","274,984","370,337","175,063","369,690","940,668","239,043","216,969","484,656","456,660","554,857","240,946","313,911","822,865","308,678","527,166","93,968","653,733","348,898","304,835","1,076,406","473,689","299,138","303,579","61,902","197,889","709,881","228,768","489,077","275,508","162,751","285,693","1,075,659","258,291","441,109","376,259","459,158","219,537","186,104","458,505","842,864","379,480","229,052","147,854","111,438","43,542","62,605","118,372"
2020년08월_계_연령구간인구수,"13,370,714","1,190,074","274,984","370,337","175,063","369,690","940,668","239,043","216,969","484,656","456,660","554,857","240,946","313,911","822,865","308,678","527,166","93,968","653,733","348,898","304,835","1,076,406","473,689","299,138","303,579","61,902","197,889","709,881","228,768","489,077","275,508","162,751","285,693","1,075,659","258,291","441,109","376,259","459,158","219,537","186,104","458,505","842,864","379,480","229,052","147,854","111,438","43,542","62,605","118,372"
2020년08월_계_0~9세,"1,161,588","99,782","18,887","33,405","9,762","37,728","70,014","15,887","13,557","40,570","34,502","40,464","15,954","24,510","58,859","24,396","48,636","6,477","45,303","23,734","21,569","83,365","38,824","21,202","23,339","5,006","15,600","66,081","24,291","47,612","21,403","13,334","30,131","102,947","21,519","43,937","37,491","44,530","19,254","14,378","53,693","105,676","35,633","20,127","8,817","7,581","2,819","3,467","7,410"
2020년08월_계_10~19세,"1,338,833","119,718","29,034","33,806","14,132","42,746","88,614","17,655","16,881","54,078","42,696","53,331","19,216","34,115","71,836","31,505","52,815","8,660","65,242","34,667","30,575","106,177","41,773","30,011","34,393","6,307","18,372","77,676","24,888","49,714","27,097","14,802","24,418","124,029","27,210","51,217","45,602","48,444","23,815","18,579","46,500","95,459","33,854","24,167","12,599","9,634","3,204","4,754","9,927"
2020년08월_계_20~29세,"1,795,440","186,891","44,070","54,840","28,758","59,223","132,374","34,748","31,239","66,387","63,593","78,686","34,898","43,788","118,205","39,788","71,770","11,218","106,040","57,565","48,475","150,724","62,750","44,929","43,045","8,562","27,331","84,304","30,983","68,002","38,475","22,945","34,691","136,766","34,327","56,051","46,388","56,017","29,894","22,190","50,039","101,796","44,828","27,138","17,907","12,116","5,363","6,231","10,573"
2020년08월_계_30~39세,"1,912,042","181,054","33,184","59,220","24,711","63,939","137,587","35,609","31,189","70,789","59,722","77,768","33,368","44,400","117,685","43,173","78,801","10,250","85,882","43,986","41,896","142,424","67,123","38,369","36,932","8,540","26,757","90,335","39,348","75,635","39,082","22,485","48,985","147,568","34,126","60,889","52,553","66,798","30,719","23,175","73,392","150,901","58,456","28,147","14,731","11,679","4,257","5,822","10,884"
2020년08월_계_40~49세,"2,297,528","204,192","46,090","61,834","27,569","68,699","158,394","37,401","33,469","87,524","74,508","89,152","35,604","53,548","130,764","53,270","92,099","14,429","109,360","58,216","51,144","183,665","78,761","51,786","53,118","9,484","33,028","129,872","43,015","88,844","45,110","24,810","50,045","200,620","43,424","84,333","72,863","79,704","34,858","30,131","85,274","161,212","66,101","39,411","20,792","16,027","5,017","7,974","16,366"
2020년08월_계_50~59세,"2,223,814","196,509","49,329","62,455","30,698","54,027","155,885","40,964","38,775","76,146","79,676","98,420","43,938","54,482","148,861","51,410","85,691","16,366","127,324","68,249","59,075","193,998","82,366","55,720","55,912","10,881","35,840","115,751","32,915","85,774","48,395","29,585","41,252","163,261","42,992","65,728","54,541","71,454","35,197","31,200","65,406","113,082","62,852","37,802","29,357","20,091","7,200","11,454","20,925"
2020년08월_계_60~69세,"1,486,778","117,078","30,027","38,847","21,961","26,243","111,153","32,526","30,111","48,516","55,323","69,324","33,732","35,592","107,827","37,943","53,105","12,896","68,805","36,448","32,357","117,199","55,091","31,648","30,460","7,194","23,798","80,814","19,293","44,596","32,315","20,882","33,836","103,834","30,258","40,427","33,149","47,668","25,150","24,443","47,306","66,942","46,646","28,113","23,777","18,069","7,406","11,876","22,167"
2020년08월_계_70~79세,"759,138","56,151","15,685","17,317","11,864","11,285","57,561","16,917","15,110","25,534","30,936","31,482","16,342","15,140","46,068","18,288","28,329","8,784","29,440","16,669","12,771","61,659","30,210","15,484","15,965","3,666","11,627","44,216","9,600","18,909","14,991","9,018","15,675","65,414","15,935","26,155","23,324","28,560","13,010","13,520","25,225","31,572","21,703","16,192","12,495","10,184","5,054","6,860","12,949"
2020년08월_계_80~89세,"340,520","24,530","7,381","7,385","4,799","4,965","24,469","6,189","5,568","12,712","13,658","13,948","6,864","7,084","19,502","7,644","13,746","4,211","14,147","8,096","6,051","32,243","14,569","8,601","9,073","1,833","4,784","18,054","3,899","8,627","7,417","4,130","5,573","26,961","7,288","10,705","8,968","13,777","6,638","7,430","10,169","14,120","8,074","6,884","6,323","5,214","2,772","3,596","6,147"
2020년08월_계_90~99세,"50,809","3,864","1,211","1,138",719,796,"4,132",943,885,"2,304","1,832","2,109",950,"1,159","3,015","1,120","1,937",595,"2,064","1,201",863,"4,622","2,014","1,326","1,282",378,673,"2,566",491,"1,267","1,147",708,964,"4,063","1,141","1,599","1,323","2,010",939,"1,002","1,428","1,994","1,232",999,980,794,404,524,956
2020년08월_계_100세 이상,"4,224",305,86,90,90,39,485,204,185,96,214,173,80,93,243,141,237,82,126,67,59,330,208,62,60,51,79,212,45,97,76,52,123,196,71,68,57,196,63,56,73,110,101,72,76,49,46,47,68
2020년08월_남_총인구수,"6,727,226","599,101","138,427","186,899","88,225","185,550","465,801","120,930","109,907","234,964","224,985","274,506","120,692","153,814","408,411","152,384","271,992","46,912","335,082","177,865","157,217","527,215","234,249","145,582","147,384","30,374","98,262","353,465","118,304","255,745","136,823","81,006","143,555","534,140","132,798","217,948","183,394","232,919","113,658","95,880","229,922","437,083","194,146","116,194","78,194","56,651","22,813","32,228","59,475"
2020년08월_남_연령구간인구수,"6,727,226","599,101","138,427","186,899","88,225","185,550","465,801","120,930","109,907","234,964","224,985","274,506","120,692","153,814","408,411","152,384","271,992","46,912","335,082","177,865","157,217","527,215","234,249","145,582","147,384","30,374","98,262","353,465","118,304","255,745","136,823","81,006","143,555","534,140","132,798","217,948","183,394","232,919","113,658","95,880","229,922","437,083","194,146","116,194","78,194","56,651","22,813","32,228","59,475"
2020년08월_남_0~9세,"594,930","51,442","9,768","17,152","4,967","19,555","35,867","8,057","6,980","20,830","17,824","20,625","8,102","12,523","30,163","12,498","24,831","3,355","23,050","12,062","10,988","42,524","19,775","10,866","11,883","2,607","8,078","33,973","12,367","24,330","10,945","6,919","15,360","52,577","10,968","22,559","19,050","22,732","9,944","7,393","27,408","54,122","18,310","10,246","4,569","3,911","1,441","1,715","3,804"
2020년08월_남_10~19세,"689,249","61,917","15,140","17,587","7,240","21,950","45,445","9,046","8,714","27,685","21,990","27,568","10,006","17,562","36,936","16,211","27,232","4,361","33,609","17,744","15,865","54,475","21,413","15,525","17,537","3,267","9,475","39,931","12,728","25,577","13,948","7,624","12,477","64,005","14,515","26,369","23,121","24,968","12,555","9,677","23,714","48,771","17,334","12,341","6,595","4,979","1,714","2,520","5,305"
2020년08월_남_20~29세,"944,910","98,454","24,076","28,583","14,959","30,836","67,916","18,280","16,279","33,357","32,375","40,988","18,313","22,675","60,995","20,858","39,259","6,100","56,415","30,662","25,753","77,084","32,458","22,593","22,033","4,495","14,028","43,856","16,762","36,858","20,122","12,120","17,776","70,918","18,696","28,992","23,230","29,569","16,915","12,269","25,869","54,849","23,681","14,534","10,394","6,640","3,389","3,577","5,845"
2020년08월_남_30~39세,"984,436","93,925","17,272","30,928","13,357","32,368","69,790","19,057","16,700","34,033","30,489","39,903","17,562","22,341","60,404","21,794","42,702","5,303","46,683","23,792","22,891","70,490","33,782","18,667","18,041","4,311","13,501","44,403","21,231","40,564","20,317","11,514","24,753","72,820","18,004","29,812","25,004","35,462","16,451","12,610","36,076","78,488","30,550","14,535","8,160","6,127","2,423","3,143","5,514"
2020년08월_남_40~49세,"1,167,046","102,866","22,823","31,931","14,237","33,875","78,245","19,776","17,677","40,792","37,336","43,586","18,181","25,405","65,756","26,402","48,825","7,435","55,664","29,490","26,174","88,876","39,542","24,520","24,814","4,537","16,444","65,238","22,804","47,603","22,171","12,205","26,332","99,207","22,915","41,367","34,925","40,927","18,002","16,095","44,356","85,983","34,970","20,305","11,187","8,313","2,743","4,271","8,362"
2020년08월_남_50~59세,"1,127,677","98,157","24,661","30,774","15,617","27,105","77,790","20,814","19,490","37,486","39,178","47,858","21,588","26,270","72,473","25,576","45,014","8,641","65,343","34,935","30,408","95,748","41,062","27,336","27,350","5,299","17,652","59,154","17,131","45,502","23,687","14,308","20,405","83,170","22,252","33,260","27,658","37,426","18,299","16,528","33,462","60,662","32,052","19,803","16,119","10,565","3,858","6,085","10,732"
2020년08월_남_60~69세,"738,664","57,823","14,796","19,219","10,666","13,142","54,484","15,765","14,961","23,758","26,708","34,298","16,669","17,629","53,250","18,047","26,325","6,289","36,065","18,915","17,150","58,835","27,349","16,024","15,462","3,496","11,921","39,373","9,511","23,713","15,989","10,498","16,427","49,252","15,141","18,789","15,322","23,677","12,827","12,302","23,061","34,056","23,377","14,089","12,867","9,184","3,820","6,139","10,961"
2020년08월_남_70~79세,"344,081","25,021","6,931","7,905","5,269","4,916","26,103","7,628","6,925","11,550","13,588","14,373","7,598","6,775","21,219","8,189","12,403","3,686","13,123","7,310","5,813","26,296","13,029","6,615","6,652","1,609","5,198","20,192","4,236","8,526","6,703","4,226","7,809","29,927","7,380","11,853","10,694","12,540","5,988","6,171","11,776","14,711","10,528","7,484","5,755","4,805","2,291","3,233","6,372"
2020년08월_남_80~89세,"122,981","8,537","2,652","2,541","1,714","1,630","9,017","2,221","1,952","4,844","5,013","4,758","2,436","2,322","6,479","2,518","4,824","1,553","4,662","2,680","1,982","11,611","5,282","3,075","3,254",657,"1,766","6,692","1,420","2,782","2,613","1,419","1,971","11,152","2,655","4,485","4,012","5,048","2,431","2,623","3,841","4,988","3,044","2,603","2,296","1,940","1,004","1,382","2,337"
2020년08월_남_90~99세,"12,121",879,287,253,175,164,"1,011",224,179,608,438,498,211,287,677,256,503,170,439,261,178,"1,187",501,341,345,87,174,591,101,262,305,158,213,"1,076",259,446,371,511,228,200,340,418,276,243,222,171,115,144,228
2020년08월_남_100세 이상,"1,131",80,21,26,24,9,133,62,50,21,46,51,26,25,59,35,74,19,29,14,15,89,56,20,13,9,25,62,13,28,23,15,32,36,13,16,7,59,18,12,19,35,24,11,30,16,15,19,15
2020년08월_여_총인구수,"6,643,488","590,973","136,557","183,438","86,838","184,140","474,867","118,113","107,062","249,692","231,675","280,351","120,254","160,097","414,454","156,294","255,174","47,056","318,651","171,033","147,618","549,191","239,440","153,556","156,195","31,528","99,627","356,416","110,464","233,332","138,685","81,745","142,138","541,519","125,493","223,161","192,865","226,239","105,879","90,224","228,583","405,781","185,334","112,858","69,660","54,787","20,729","30,377","58,897"
2020년08월_여_연령구간인구수,"6,643,488","590,973","136,557","183,438","86,838","184,140","474,867","118,113","107,062","249,692","231,675","280,351","120,254","160,097","414,454","156,294","255,174","47,056","318,651","171,033","147,618","549,191","239,440","153,556","156,195","31,528","99,627","356,416","110,464","233,332","138,685","81,745","142,138","541,519","125,493","223,161","192,865","226,239","105,879","90,224","228,583","405,781","185,334","112,858","69,660","54,787","20,729","30,377","58,897"
2020년08월_여_0~9세,"566,658","48,340","9,119","16,253","4,795","18,173","34,147","7,830","6,577","19,740","16,678","19,839","7,852","11,987","28,696","11,898","23,805","3,122","22,253","11,672","10,581","40,841","19,049","10,336","11,456","2,399","7,522","32,108","11,924","23,282","10,458","6,415","14,771","50,370","10,551","21,378","18,441","21,798","9,310","6,985","26,285","51,554","17,323","9,881","4,248","3,670","1,378","1,752","3,606"
2020년08월_여_10~19세,"649,584","57,801","13,894","16,219","6,892","20,796","43,169","8,609","8,167","26,393","20,706","25,763","9,210","16,553","34,900","15,294","25,583","4,299","31,633","16,923","14,710","51,702","20,360","14,486","16,856","3,040","8,897","37,745","12,160","24,137","13,149","7,178","11,941","60,024","12,695","24,848","22,481","23,476","11,260","8,902","22,786","46,688","16,520","11,826","6,004","4,655","1,490","2,234","4,622"
2020년08월_여_20~29세,"850,530","88,437","19,994","26,257","13,799","28,387","64,458","16,468","14,960","33,030","31,218","37,698","16,585","21,113","57,210","18,930","32,511","5,118","49,625","26,903","22,722","73,640","30,292","22,336","21,012","4,067","13,303","40,448","14,221","31,144","18,353","10,825","16,915","65,848","15,631","27,059","23,158","26,448","12,979","9,921","24,170","46,947","21,147","12,604","7,513","5,476","1,974","2,654","4,728"
2020년08월_여_30~39세,"927,606","87,129","15,912","28,292","11,354","31,571","67,797","16,552","14,489","36,756","29,233","37,865","15,806","22,059","57,281","21,379","36,099","4,947","39,199","20,194","19,005","71,934","33,341","19,702","18,891","4,229","13,256","45,932","18,117","35,071","18,765","10,971","24,232","74,748","16,122","31,077","27,549","31,336","14,268","10,565","37,316","72,413","27,906","13,612","6,571","5,552","1,834","2,679","5,370"
2020년08월_여_40~49세,"1,130,482","101,326","23,267","29,903","13,332","34,824","80,149","17,625","15,792","46,732","37,172","45,566","17,423","28,143","65,008","26,868","43,274","6,994","53,696","28,726","24,970","94,789","39,219","27,266","28,304","4,947","16,584","64,634","20,211","41,241","22,939","12,605","23,713","101,413","20,509","42,966","37,938","38,777","16,856","14,036","40,918","75,229","31,131","19,106","9,605","7,714","2,274","3,703","8,004"
2020년08월_여_50~59세,"1,096,137","98,352","24,668","31,681","15,081","26,922","78,095","20,150","19,285","38,660","40,498","50,562","22,350","28,212","76,388","25,834","40,677","7,725","61,981","33,314","28,667","98,250","41,304","28,384","28,562","5,582","18,188","56,597","15,784","40,272","24,708","15,277","20,847","80,091","20,740","32,468","26,883","34,028","16,898","14,672","31,944","52,420","30,800","17,999","13,238","9,526","3,342","5,369","10,193"
2020년08월_여_60~69세,"748,114","59,255","15,231","19,628","11,295","13,101","56,669","16,761","15,150","24,758","28,615","35,026","17,063","17,963","54,577","19,896","26,780","6,607","32,740","17,533","15,207","58,364","27,742","15,624","14,998","3,698","11,877","41,441","9,782","20,883","16,326","10,384","17,409","54,582","15,117","21,638","17,827","23,991","12,323","12,141","24,245","32,886","23,269","14,024","10,910","8,885","3,586","5,737","11,206"
2020년08월_여_70~79세,"415,057","31,130","8,754","9,412","6,595","6,369","31,458","9,289","8,185","13,984","17,348","17,109","8,744","8,365","24,849","10,099","15,926","5,098","16,317","9,359","6,958","35,363","17,181","8,869","9,313","2,057","6,429","24,024","5,364","10,383","8,288","4,792","7,866","35,487","8,555","14,302","12,630","16,020","7,022","7,349","13,449","16,861","11,175","8,708","6,740","5,379","2,763","3,627","6,577"
2020년08월_여_80~89세,"217,539","15,993","4,729","4,844","3,085","3,335","15,452","3,968","3,616","7,868","8,645","9,190","4,428","4,762","13,023","5,126","8,922","2,658","9,485","5,416","4,069","20,632","9,287","5,526","5,819","1,176","3,018","11,362","2,479","5,845","4,804","2,711","3,602","15,809","4,633","6,220","4,956","8,729","4,207","4,807","6,328","9,132","5,030","4,281","4,027","3,274","1,768","2,214","3,810"
2020년08월_여_90~99세,"38,688","2,985",924,885,544,632,"3,121",719,706,"1,696","1,394","1,611",739,872,"2,338",864,"1,434",425,"1,625",940,685,"3,435","1,513",985,937,291,499,"1,975",390,"1,005",842,550,751,"2,987",882,"1,153",952,"1,499",711,802,"1,088","1,576",956,756,758,623,289,380,728
2020년08월_여_100세 이상,"3,093",225,65,64,66,30,352,142,135,75,168,122,54,68,184,106,163,63,97,53,44,241,152,42,47,42,54,150,32,69,53,37,91,160,58,52,50,137,45,44,54,75,77,61,46,33,31,28,53
2020년09월_계_총인구수,"13,388,485","1,188,926","274,911","369,755","174,879","369,381","941,783","241,803","216,379","483,601","458,273","553,286","240,604","312,682","822,000","305,836","529,140","93,901","653,505","348,635","304,870","1,075,841","473,594","298,901","303,346","61,982","197,974","710,433","229,249","493,005","274,985","163,720","287,452","1,075,697","258,455","440,923","376,319","461,314","219,531","186,460","463,735","846,850","380,291","229,427","147,803","111,512","43,590","62,551","118,433"
2020년09월_계_연령구간인구수,"13,388,485","1,188,926","274,911","369,755","174,879","369,381","941,783","241,803","216,379","483,601","458,273","553,286","240,604","312,682","822,000","305,836","529,140","93,901","653,505","348,635","304,870","1,075,841","473,594","298,901","303,346","61,982","197,974","710,433","229,249","493,005","274,985","163,720","287,452","1,075,697","258,455","440,923","376,319","461,314","219,531","186,460","463,735","846,850","380,291","229,427","147,803","111,512","43,590","62,551","118,433"
2020년09월_계_0~9세,"1,158,060","99,091","18,735","33,177","9,695","37,484","69,845","16,077","13,448","40,320","34,511","40,181","15,879","24,302","58,490","24,073","48,674","6,429","45,031","23,541","21,490","82,844","38,612","21,058","23,174","5,010","15,543","65,811","24,198","47,983","21,227","13,321","30,130","102,350","21,405","43,650","37,295","44,596","19,169","14,278","54,228","105,470","35,541","20,097","8,770","7,543","2,811","3,428","7,387"
2020년09월_계_10~19세,"1,337,103","119,489","29,103","33,704","14,048","42,634","88,422","17,732","16,807","53,883","42,677","53,023","19,056","33,967","71,585","31,257","52,896","8,635","64,856","34,461","30,395","105,721","41,601","29,857","34,263","6,307","18,342","77,572","24,912","49,900","26,938","14,826","24,500","123,747","27,015","51,105","45,627","48,620","23,663","18,503","46,944","95,854","33,820","24,142","12,498","9,646","3,188","4,721","9,899"
2020년09월_계_20~29세,"1,798,600","186,673","44,119","54,675","28,754","59,125","132,557","35,219","31,179","66,159","63,916","78,312","34,808","43,504","117,954","39,301","72,024","11,203","106,058","57,510","48,548","150,695","62,723","44,979","42,993","8,578","27,307","84,368","31,100","68,523","38,404","23,375","35,083","136,992","34,423","56,204","46,365","56,285","29,913","22,322","50,627","102,719","44,886","27,219","17,943","12,086","5,390","6,234","10,553"
2020년09월_계_30~39세,"1,911,099","180,350","33,030","58,934","24,659","63,727","137,673","36,059","31,143","70,471","59,835","77,259","33,225","44,034","117,319","42,623","79,058","10,182","85,611","43,824","41,787","142,115","67,061","38,222","36,832","8,552","26,658","90,088","39,262","76,326","38,751","22,867","49,365","146,871","33,992","60,501","52,378","66,926","30,674","23,203","74,513","151,219","58,406","28,152","14,714","11,633","4,235","5,799","10,860"
2020년09월_계_40~49세,"2,298,109","203,757","45,867","61,796","27,458","68,636","158,264","37,765","33,237","87,262","74,626","88,765","35,485","53,280","130,403","52,779","92,522","14,376","109,065","58,080","50,985","182,994","78,495","51,582","52,917","9,486","33,055","129,820","43,141","89,432","44,987","24,779","50,350","200,558","43,464","84,190","72,904","80,083","34,811","30,072","86,263","162,005","66,303","39,389","20,722","16,006","5,027","7,946","16,323"
2020년09월_계_50~59세,"2,227,858","196,578","49,412","62,372","30,681","54,113","156,124","41,421","38,556","76,147","79,939","98,247","43,919","54,328","148,558","50,954","85,941","16,378","127,447","68,315","59,132","194,089","82,449","55,683","55,957","10,888","35,877","116,081","33,044","86,434","48,356","29,533","41,360","163,743","43,059","66,002","54,682","71,926","35,302","31,331","65,968","113,819","63,075","37,872","29,339","20,101","7,186","11,442","20,926"
2020년09월_계_60~69세,"1,498,842","117,938","30,199","39,138","22,078","26,523","111,942","33,017","30,234","48,691","55,883","69,658","33,903","35,755","108,556","37,840","53,626","12,963","69,495","36,792","32,703","118,257","55,512","31,973","30,772","7,230","23,943","81,341","19,477","45,241","32,629","21,099","34,186","104,504","30,578","40,637","33,289","48,160","25,320","24,675","47,981","67,729","47,032","28,366","23,889","18,211","7,448","11,945","22,278"
2020년09월_계_70~79세,"760,582","56,208","15,708","17,325","11,870","11,305","57,718","17,105","15,116","25,497","31,029","31,571","16,410","15,161","46,215","18,171","28,367","8,797","29,495","16,670","12,825","61,649","30,205","15,486","15,958","3,652","11,655","44,349","9,654","19,067","15,007","8,990","15,785","65,448","15,948","26,162","23,338","28,621","13,000","13,535","25,439","31,663","21,745","16,190","12,493","10,176","5,052","6,854","12,987"
2020년09월_계_80~89세,"342,460","24,616","7,419","7,386","4,827","4,984","24,591","6,250","5,585","12,756","13,783","13,963","6,866","7,097","19,599","7,570","13,819","4,259","14,220","8,154","6,066","32,460","14,697","8,643","9,120","1,850","4,837","18,188","3,906","8,704","7,437","4,157","5,585","27,170","7,344","10,782","9,044","13,875","6,668","7,474","10,241","14,220","8,133","6,919","6,372","5,247","2,804","3,610","6,183"
2020년09월_계_90~99세,"51,519","3,918","1,232","1,157",718,811,"4,163",953,889,"2,321","1,857","2,129",971,"1,158","3,074","1,124","1,976",596,"2,098","1,219",879,"4,686","2,029","1,356","1,301",378,675,"2,602",510,"1,300","1,172",722,986,"4,118","1,155","1,620","1,343","2,025",947,"1,010","1,458","2,040","1,249","1,009",988,813,404,523,969
2020년09월_계_100세 이상,"4,253",308,87,91,91,39,484,205,185,94,217,178,82,96,247,144,237,83,129,69,60,331,210,62,59,51,82,213,45,95,77,51,122,196,72,70,54,197,64,57,73,112,101,72,75,50,45,49,68
2020년09월_남_총인구수,"6,736,077","598,549","138,475","186,646","88,094","185,334","466,232","122,254","109,575","234,403","225,715","273,677","120,500","153,177","407,881","150,994","273,077","46,863","334,987","177,767","157,220","526,928","234,209","145,462","147,257","30,431","98,260","353,701","118,568","257,762","136,530","81,504","144,433","534,153","132,853","217,828","183,472","233,949","113,655","96,122","232,501","439,243","194,524","116,428","78,196","56,689","22,827","32,205","59,493"
2020년09월_남_연령구간인구수,"6,736,077","598,549","138,475","186,646","88,094","185,334","466,232","122,254","109,575","234,403","225,715","273,677","120,500","153,177","407,881","150,994","273,077","46,863","334,987","177,767","157,220","526,928","234,209","145,462","147,257","30,431","98,260","353,701","118,568","257,762","136,530","81,504","144,433","534,153","132,853","217,828","183,472","233,949","113,655","96,122","232,501","439,243","194,524","116,428","78,196","56,689","22,827","32,205","59,493"
2020년09월_남_0~9세,"593,023","51,074","9,668","17,058","4,925","19,423","35,737","8,132","6,915","20,690","17,826","20,453","8,049","12,404","29,979","12,326","24,820","3,323","22,937","11,984","10,953","42,265","19,691","10,780","11,794","2,611","8,035","33,841","12,328","24,494","10,835","6,917","15,373","52,275","10,911","22,427","18,937","22,772","9,904","7,337","27,665","54,004","18,282","10,249","4,542","3,891","1,434","1,702","3,792"
2020년09월_남_10~19세,"688,200","61,851","15,199","17,557","7,193","21,902","45,334","9,068","8,710","27,556","21,974","27,449","9,945","17,504","36,760","16,109","27,268","4,357","33,390","17,621","15,769","54,242","21,294","15,450","17,498","3,261","9,460","39,874","12,724","25,659","13,871","7,642","12,497","63,849","14,409","26,302","23,138","25,030","12,446","9,634","23,966","48,944","17,311","12,304","6,547","4,965","1,700","2,493","5,289"
2020년09월_남_20~29세,"946,799","98,382","24,161","28,482","14,971","30,768","67,982","18,525","16,213","33,244","32,515","40,781","18,243","22,538","60,861","20,586","39,449","6,094","56,415","30,629","25,786","77,123","32,497","22,617","22,009","4,505","14,021","43,892","16,835","37,202","20,071","12,306","17,947","71,087","18,766","29,061","23,260","29,720","16,936","12,346","26,154","55,376","23,737","14,602","10,399","6,649","3,411","3,580","5,835"
2020년09월_남_30~39세,"984,180","93,552","17,223","30,770","13,311","32,248","69,847","19,289","16,651","33,907","30,526","39,664","17,511","22,153","60,203","21,553","42,843","5,263","46,587","23,737","22,850","70,361","33,766","18,631","17,964","4,331","13,414","44,319","21,200","40,896","20,147","11,745","24,949","72,479","17,933","29,642","24,904","35,470","16,429","12,661","36,679","78,715","30,490","14,535","8,160","6,114","2,411","3,141","5,496"
2020년09월_남_40~49세,"1,167,445","102,611","22,678","31,952","14,156","33,825","78,112","19,957","17,555","40,600","37,427","43,383","18,121","25,262","65,607","26,147","49,076","7,412","55,502","29,434","26,068","88,517","39,384","24,401","24,732","4,557","16,471","65,174","22,868","47,985","22,124","12,212","26,507","99,189","22,923","41,299","34,967","41,153","17,984","16,075","44,842","86,404","35,045","20,287","11,162","8,277","2,749","4,250","8,336"
2020년09월_남_50~59세,"1,129,448","98,204","24,726","30,735","15,605","27,138","77,927","21,023","19,388","37,516","39,276","47,760","21,580","26,180","72,271","25,337","45,190","8,626","65,394","34,974","30,420","95,747","41,089","27,292","27,366","5,300","17,664","59,342","17,174","45,744","23,662","14,261","20,475","83,334","22,270","33,334","27,730","37,651","18,365","16,591","33,723","61,058","32,188","19,836","16,120","10,572","3,847","6,083","10,726"
2020년09월_남_60~69세,"744,767","58,275","14,900","19,349","10,734","13,292","54,847","15,978","15,026","23,843","26,978","34,418","16,728","17,690","53,623","17,994","26,596","6,336","36,411","19,078","17,333","59,376","27,562","16,224","15,590","3,504","11,999","39,604","9,621","24,065","16,136","10,608","16,597","49,645","15,316","18,917","15,412","23,923","12,903","12,427","23,373","34,479","23,561","14,224","12,936","9,262","3,838","6,170","11,038"
2020년09월_남_70~79세,"344,875","25,041","6,940","7,908","5,265","4,928","26,206","7,737","6,927","11,542","13,638","14,438","7,632","6,806","21,283","8,162","12,399","3,694","13,180","7,324","5,856","26,290","13,012","6,607","6,671","1,606","5,211","20,234","4,272","8,603","6,719","4,211","7,861","29,906","7,378","11,847","10,681","12,580","5,989","6,196","11,878","14,750","10,545","7,507","5,760","4,816","2,293","3,236","6,371"
2020년09월_남_80~89세,"123,931","8,589","2,665","2,547","1,740","1,637","9,083","2,259","1,959","4,865","5,071","4,774","2,448","2,326","6,537","2,491","4,853","1,570","4,692","2,702","1,990","11,728","5,354","3,098","3,276",661,"1,787","6,765","1,429","2,822","2,633","1,429","1,973","11,256","2,675","4,531","4,050","5,073","2,448","2,635","3,861","5,057","3,061","2,628","2,314","1,945","1,014","1,387","2,365"
2020년09월_남_90~99세,"12,271",889,294,261,170,164,"1,022",223,181,618,438,505,216,289,698,253,509,170,450,270,180,"1,188",503,342,343,86,173,593,104,266,308,159,222,"1,097",260,451,386,517,233,208,341,421,278,245,227,182,115,144,230
2020년09월_남_100세 이상,"1,138",81,21,27,24,9,135,63,50,22,46,52,27,25,59,36,74,18,29,14,15,91,57,20,14,9,25,63,13,26,24,14,32,36,12,17,7,60,18,12,19,35,26,11,29,16,15,19,15
2020년09월_여_총인구수,"6,652,408","590,377","136,436","183,109","86,785","184,047","475,551","119,549","106,804","249,198","232,558","279,609","120,104","159,505","414,119","154,842","256,063","47,038","318,518","170,868","147,650","548,913","239,385","153,439","156,089","31,551","99,714","356,732","110,681","235,243","138,455","82,216","143,019","541,544","125,602","223,095","192,847","227,365","105,876","90,338","231,234","407,607","185,767","112,999","69,607","54,823","20,763","30,346","58,940"
2020년09월_여_연령구간인구수,"6,652,408","590,377","136,436","183,109","86,785","184,047","475,551","119,549","106,804","249,198","232,558","279,609","120,104","159,505","414,119","154,842","256,063","47,038","318,518","170,868","147,650","548,913","239,385","153,439","156,089","31,551","99,714","356,732","110,681","235,243","138,455","82,216","143,019","541,544","125,602","223,095","192,847","227,365","105,876","90,338","231,234","407,607","185,767","112,999","69,607","54,823","20,763","30,346","58,940"
2020년09월_여_0~9세,"565,037","48,017","9,067","16,119","4,770","18,061","34,108","7,945","6,533","19,630","16,685","19,728","7,830","11,898","28,511","11,747","23,854","3,106","22,094","11,557","10,537","40,579","18,921","10,278","11,380","2,399","7,508","31,970","11,870","23,489","10,392","6,404","14,757","50,075","10,494","21,223","18,358","21,824","9,265","6,941","26,563","51,466","17,259","9,848","4,228","3,652","1,377","1,726","3,595"
2020년09월_여_10~19세,"648,903","57,638","13,904","16,147","6,855","20,732","43,088","8,664","8,097","26,327","20,703","25,574","9,111","16,463","34,825","15,148","25,628","4,278","31,466","16,840","14,626","51,479","20,307","14,407","16,765","3,046","8,882","37,698","12,188","24,241","13,067","7,184","12,003","59,898","12,606","24,803","22,489","23,590","11,217","8,869","22,978","46,910","16,509","11,838","5,951","4,681","1,488","2,228","4,610"
2020년09월_여_20~29세,"851,801","88,291","19,958","26,193","13,783","28,357","64,575","16,694","14,966","32,915","31,401","37,531","16,565","20,966","57,093","18,715","32,575","5,109","49,643","26,881","22,762","73,572","30,226","22,362","20,984","4,073","13,286","40,476","14,265","31,321","18,333","11,069","17,136","65,905","15,657","27,143","23,105","26,565","12,977","9,976","24,473","47,343","21,149","12,617","7,544","5,437","1,979","2,654","4,718"
2020년09월_여_30~39세,"926,919","86,798","15,807","28,164","11,348","31,479","67,826","16,770","14,492","36,564","29,309","37,595","15,714","21,881","57,116","21,070","36,215","4,919","39,024","20,087","18,937","71,754","33,295","19,591","18,868","4,221","13,244","45,769","18,062","35,430","18,604","11,122","24,416","74,392","16,059","30,859","27,474","31,456","14,245","10,542","37,834","72,504","27,916","13,617","6,554","5,519","1,824","2,658","5,364"
2020년09월_여_40~49세,"1,130,664","101,146","23,189","29,844","13,302","34,811","80,152","17,808","15,682","46,662","37,199","45,382","17,364","28,018","64,796","26,632","43,446","6,964","53,563","28,646","24,917","94,477","39,111","27,181","28,185","4,929","16,584","64,646","20,273","41,447","22,863","12,567","23,843","101,369","20,541","42,891","37,937","38,930","16,827","13,997","41,421","75,601","31,258","19,102","9,560","7,729","2,278","3,696","7,987"
2020년09월_여_50~59세,"1,098,410","98,374","24,686","31,637","15,076","26,975","78,197","20,398","19,168","38,631","40,663","50,487","22,339","28,148","76,287","25,617","40,751","7,752","62,053","33,341","28,712","98,342","41,360","28,391","28,591","5,588","18,213","56,739","15,870","40,690","24,694","15,272","20,885","80,409","20,789","32,668","26,952","34,275","16,937","14,740","32,245","52,761","30,887","18,036","13,219","9,529","3,339","5,359","10,200"
2020년09월_여_60~69세,"754,075","59,663","15,299","19,789","11,344","13,231","57,095","17,039","15,208","24,848","28,905","35,240","17,175","18,065","54,933","19,846","27,030","6,627","33,084","17,714","15,370","58,881","27,950","15,749","15,182","3,726","11,944","41,737","9,856","21,176","16,493","10,491","17,589","54,859","15,262","21,720","17,877","24,237","12,417","12,248","24,608","33,250","23,471","14,142","10,953","8,949","3,610","5,775","11,240"
2020년09월_여_70~79세,"415,707","31,167","8,768","9,417","6,605","6,377","31,512","9,368","8,189","13,955","17,391","17,133","8,778","8,355","24,932","10,009","15,968","5,103","16,315","9,346","6,969","35,359","17,193","8,879","9,287","2,046","6,444","24,115","5,382","10,464","8,288","4,779","7,924","35,542","8,570","14,315","12,657","16,041","7,011","7,339","13,561","16,913","11,200","8,683","6,733","5,360","2,759","3,618","6,616"
2020년09월_여_80~89세,"218,529","16,027","4,754","4,839","3,087","3,347","15,508","3,991","3,626","7,891","8,712","9,189","4,418","4,771","13,062","5,079","8,966","2,689","9,528","5,452","4,076","20,732","9,343","5,545","5,844","1,189","3,050","11,423","2,477","5,882","4,804","2,728","3,612","15,914","4,669","6,251","4,994","8,802","4,220","4,839","6,380","9,163","5,072","4,291","4,058","3,302","1,790","2,223","3,818"
2020년09월_여_90~99세,"39,248","3,029",938,896,548,647,"3,141",730,708,"1,703","1,419","1,624",755,869,"2,376",871,"1,467",426,"1,648",949,699,"3,498","1,526","1,014",958,292,502,"2,009",406,"1,034",864,563,764,"3,021",895,"1,169",957,"1,508",714,802,"1,117","1,619",971,764,761,631,289,379,739
2020년09월_여_100세 이상,"3,115",227,66,64,67,30,349,142,135,72,171,126,55,71,188,108,163,65,100,55,45,240,153,42,45,42,57,150,32,69,53,37,90,160,60,53,47,137,46,45,54,77,75,61,46,34,30,30,53
2020년10월_계_총인구수,"13,400,615","1,187,638","274,480","369,314","174,683","369,161","941,480","242,451","216,013","483,016","459,418","552,154","240,364","311,790","821,068","302,761","531,655","93,915","653,383","348,265","305,118","1,076,564","474,658","298,726","303,180","62,011","197,781","711,815","229,424","495,391","274,620","163,960","288,922","1,075,490","258,355","440,826","376,309","463,155","219,513","186,695","467,084","850,050","380,821","230,005","147,578","111,605","43,574","62,476","118,609"
2020년10월_계_연령구간인구수,"13,400,615","1,187,638","274,480","369,314","174,683","369,161","941,480","242,451","216,013","483,016","459,418","552,154","240,364","311,790","821,068","302,761","531,655","93,915","653,383","348,265","305,118","1,076,564","474,658","298,726","303,180","62,011","197,781","711,815","229,424","495,391","274,620","163,960","288,922","1,075,490","258,355","440,826","376,309","463,155","219,513","186,695","467,084","850,050","380,821","230,005","147,578","111,605","43,574","62,476","118,609"
2020년10월_계_0~9세,"1,152,827","98,328","18,603","32,927","9,600","37,198","69,513","16,076","13,390","40,047","34,472","39,877","15,798","24,079","58,088","23,751","48,734","6,373","44,842","23,398","21,444","82,451","38,587","20,883","22,981","4,994","15,387","65,489","24,044","47,996","21,013","13,281","29,965","101,647","21,356","43,259","37,032","44,524","19,031","14,193","54,529","105,151","35,404","20,043","8,688","7,488","2,774","3,390","7,367"
2020년10월_계_10~19세,"1,335,101","119,069","28,952","33,606","13,974","42,537","88,264","17,730","16,694","53,840","42,593","52,825","19,026","33,799","71,255","31,016","53,086","8,622","64,521","34,241","30,280","105,464","41,535","29,796","34,133","6,288","18,300","77,566","24,935","49,970","26,811","14,756","24,679","123,211","26,553","51,035","45,623","48,794","23,551","18,341","47,186","96,248","33,799","24,156","12,387","9,638","3,195","4,715","9,860"
2020년10월_계_20~29세,"1,800,950","186,568","44,116","54,621","28,720","59,111","132,384","35,230","31,126","66,028","64,160","78,012","34,692","43,320","117,796","38,786","72,357","11,207","106,077","57,491","48,586","150,740","62,797","44,919","43,024","8,586","27,263","84,625","31,115","68,799","38,404","23,466","35,504","137,286","34,486","56,418","46,382","56,514","30,026","22,387","51,001","103,300","45,060","27,338","17,931","12,124","5,386","6,206","10,542"
2020년10월_계_30~39세,"1,908,030","179,607","32,847","58,650","24,656","63,454","137,397","36,145","31,051","70,201","59,855","76,895","33,156","43,739","116,910","42,020","79,520","10,180","85,444","43,730","41,714","142,116","67,274","38,125","36,717","8,576","26,540","89,861","39,172","76,517","38,521","22,982","49,467","146,212","33,938","60,051","52,223","67,019","30,529","23,175","75,055","151,165","58,094","28,135","14,663","11,563","4,240","5,763","10,837"
2020년10월_계_40~49세,"2,298,367","203,312","45,617","61,708","27,376","68,611","157,978","37,805","33,143","87,030","74,664","88,486","35,429","53,057","130,102","52,369","92,941","14,326","108,812","57,778","51,034","182,591","78,543","51,376","52,672","9,433","32,997","129,926","43,201","89,853","44,774","24,743","50,653","200,386","43,526","84,080","72,780","80,371","34,759","30,127","87,005","162,766","66,426","39,446","20,635","16,022","5,006","7,942","16,315"
2020년10월_계_50~59세,"2,231,904","196,754","49,407","62,370","30,627","54,350","156,067","41,466","38,380","76,221","80,168","98,036","43,775","54,261","148,277","50,424","86,383","16,401","127,595","68,423","59,172","194,323","82,583","55,705","56,035","10,904","35,825","116,538","33,133","86,891","48,415","29,521","41,517","164,329","43,107","66,322","54,900","72,401","35,375","31,395","66,365","114,656","63,295","38,026","29,256","20,092","7,179","11,424","20,939"
2020년10월_계_60~69세,"1,510,133","118,651","30,394","39,369","22,182","26,706","112,650","33,358","30,372","48,920","56,373","70,052","34,069","35,983","109,253","37,616","54,116","13,017","70,024","37,027","32,997","119,335","56,003","32,245","31,087","7,265","24,168","82,123","19,659","45,955","32,889","21,228","34,520","105,111","30,836","40,829","33,446","48,621","25,502","24,886","48,479","68,410","47,366","28,551","24,062","18,338","7,471","11,989","22,453"
2020년10월_계_70~79세,"762,765","56,366","15,763","17,383","11,888","11,332","57,877","17,187","15,184","25,506","31,156","31,631","16,473","15,158","46,396","17,988","28,421","8,802","29,577","16,710","12,867","61,832","30,324","15,527","15,981","3,669","11,683","44,475","9,681","19,230","15,046","9,023","15,888","65,580","15,968","26,215","23,397","28,648","13,047","13,609","25,582","31,875","21,830","16,218","12,482","10,193","5,067","6,848","13,045"
2020년10월_계_80~89세,"344,435","24,724","7,448","7,433","4,844","4,999","24,687","6,291","5,606","12,790","13,892","14,020","6,887","7,133","19,685","7,514","13,884","4,299","14,271","8,189","6,082","32,645","14,755","8,717","9,173","1,867","4,857","18,371","3,933","8,771","7,488","4,196","5,618","27,385","7,350","10,904","9,131","14,004","6,682","7,501","10,336","14,299","8,197","7,000","6,412","5,269","2,807","3,629","6,192"
2020년10월_계_90~99세,"51,806","3,943","1,244","1,153",722,824,"4,176",955,882,"2,339","1,861","2,141",976,"1,165","3,055","1,133","1,978",604,"2,090","1,209",881,"4,735","2,046","1,371","1,318",378,680,"2,622",507,"1,311","1,181",715,988,"4,141","1,159","1,641","1,341","2,061",948,"1,023","1,474","2,065","1,248","1,022",983,826,403,521,993
2020년10월_계_100세 이상,"4,297",316,89,94,94,39,487,208,185,94,224,179,83,96,251,144,235,84,130,69,61,332,211,62,59,51,81,219,44,98,78,49,123,202,76,72,54,198,63,58,72,115,102,70,79,52,46,49,66
2020년10월_남_총인구수,"6,741,849","597,863","138,265","186,435","87,991","185,172","466,057","122,555","109,376","234,126","226,232","273,030","120,356","152,674","407,401","149,478","274,461","46,846","334,914","177,584","157,330","527,169","234,680","145,358","147,131","30,459","98,145","354,477","118,665","258,939","136,329","81,603","145,167","533,921","132,715","217,772","183,434","234,915","113,667","96,241","234,117","440,954","194,783","116,719","78,066","56,710","22,820","32,168","59,533"
2020년10월_남_연령구간인구수,"6,741,849","597,863","138,265","186,435","87,991","185,172","466,057","122,555","109,376","234,126","226,232","273,030","120,356","152,674","407,401","149,478","274,461","46,846","334,914","177,584","157,330","527,169","234,680","145,358","147,131","30,459","98,145","354,477","118,665","258,939","136,329","81,603","145,167","533,921","132,715","217,772","183,434","234,915","113,667","96,241","234,117","440,954","194,783","116,719","78,066","56,710","22,820","32,168","59,533"
2020년10월_남_0~9세,"590,278","50,698","9,595","16,959","4,888","19,256","35,565","8,108","6,894","20,563","17,801","20,306","8,012","12,294","29,782","12,175","24,834","3,287","22,810","11,894","10,916","42,017","19,645","10,693","11,679","2,601","7,974","33,683","12,244","24,483","10,743","6,891","15,307","51,907","10,892","22,219","18,796","22,739","9,834","7,297","27,811","53,816","18,213","10,222","4,511","3,852","1,413","1,680","3,782"
2020년10월_남_10~19세,"687,009","61,629","15,130","17,503","7,142","21,854","45,226","9,053","8,647","27,526","21,941","27,356","9,915","17,441","36,577","15,970","27,416","4,352","33,226","17,518","15,708","54,110","21,271","15,425","17,414","3,255","9,424","39,893","12,727","25,688","13,787","7,594","12,584","63,514","14,094","26,245","23,175","25,112","12,380","9,543","24,094","49,144","17,294","12,301","6,479","4,963","1,701","2,492","5,237"
2020년10월_남_20~29세,"948,109","98,355","24,197","28,458","14,952","30,748","67,878","18,527","16,169","33,182","32,662","40,604","18,176","22,428","60,803","20,326","39,621","6,092","56,451","30,651","25,800","77,161","32,502","22,602","22,057","4,506","14,001","44,111","16,832","37,337","20,085","12,348","18,097","71,258","18,784","29,234","23,240","29,873","17,023","12,348","26,323","55,674","23,846","14,658","10,379","6,662","3,417","3,559","5,819"
2020년10월_남_30~39세,"982,705","93,138","17,101","30,610","13,304","32,123","69,757","19,345","16,634","33,778","30,497","39,440","17,482","21,958","60,037","21,229","43,130","5,258","46,507","23,694","22,813","70,390","33,914","18,573","17,903","4,343","13,353","44,221","21,188","40,985","20,012","11,795","25,057","72,148","17,927","29,388","24,833","35,507","16,353","12,667","36,926","78,709","30,290","14,519","8,136","6,079","2,413","3,125","5,496"
2020년10월_남_40~49세,"1,167,816","102,371","22,555","31,934","14,130","33,752","77,954","19,950","17,472","40,532","37,418","43,253","18,089","25,164","65,459","25,950","49,315","7,387","55,437","29,294","26,143","88,367","39,435","24,308","24,624","4,543","16,431","65,241","22,888","48,245","22,035","12,218","26,652","99,102","22,933","41,278","34,891","41,296","17,947","16,086","45,255","86,774","35,114","20,351","11,118","8,299","2,739","4,263","8,308"
2020년10월_남_50~59세,"1,131,227","98,313","24,722","30,738","15,579","27,274","77,881","21,063","19,306","37,512","39,417","47,613","21,496","26,117","72,085","25,082","45,436","8,645","65,384","34,996","30,388","95,788","41,113","27,280","27,395","5,307","17,639","59,529","17,228","45,918","23,666","14,237","20,586","83,575","22,300","33,445","27,830","37,898","18,409","16,650","33,893","61,567","32,286","19,902","16,070","10,557","3,850","6,074","10,742"
2020년10월_남_60~69세,"750,482","58,642","15,021","19,450","10,786","13,385","55,181","16,161","15,086","23,934","27,200","34,625","16,814","17,811","53,947","17,895","26,829","6,360","36,700","19,190","17,510","59,849","27,770","16,359","15,720","3,523","12,108","39,984","9,715","24,460","16,264","10,680","16,724","50,001","15,461","19,048","15,492","24,175","13,005","12,550","23,622","34,831","23,759","14,329","13,031","9,328","3,846","6,190","11,129"
2020년10월_남_70~79세,"345,864","25,106","6,945","7,937","5,272","4,952","26,302","7,779","6,967","11,556","13,682","14,482","7,669","6,813","21,374","8,071","12,420","3,689","13,206","7,350","5,856","26,400","13,090","6,631","6,679","1,615","5,218","20,293","4,283","8,678","6,748","4,220","7,917","29,927","7,382","11,854","10,691","12,588","6,012","6,229","11,929","14,875","10,581","7,516","5,754","4,818","2,303","3,226","6,402"
2020년10월_남_80~89세,"124,854","8,626","2,678","2,558","1,739","1,651","9,136","2,280","1,970","4,886","5,129","4,791","2,460","2,331","6,575","2,490","4,882","1,587","4,720","2,713","2,007","11,798","5,379","3,119","3,300",672,"1,798","6,865","1,446","2,852","2,644","1,450","1,992","11,342","2,667","4,583","4,092","5,137","2,451","2,650","3,893","5,108","3,093","2,666","2,329","1,951","1,012","1,400","2,369"
2020년10월_남_90~99세,"12,348",903,300,261,174,168,"1,041",226,180,635,436,508,215,293,699,254,504,170,443,269,174,"1,195",501,348,346,85,174,596,102,266,321,157,219,"1,109",262,460,387,529,235,209,352,420,280,243,228,185,110,140,235
2020년10월_남_100세 이상,"1,157",82,21,27,25,9,136,63,51,22,49,52,28,24,63,36,74,19,30,15,15,94,60,20,14,9,25,61,12,27,24,13,32,38,13,18,7,61,18,12,19,36,27,12,31,16,16,19,14
2020년10월_여_총인구수,"6,658,766","589,775","136,215","182,879","86,692","183,989","475,423","119,896","106,637","248,890","233,186","279,124","120,008","159,116","413,667","153,283","257,194","47,069","318,469","170,681","147,788","549,395","239,978","153,368","156,049","31,552","99,636","357,338","110,759","236,452","138,291","82,357","143,755","541,569","125,640","223,054","192,875","228,240","105,846","90,454","232,967","409,096","186,038","113,286","69,512","54,895","20,754","30,308","59,076"
2020년10월_여_연령구간인구수,"6,658,766","589,775","136,215","182,879","86,692","183,989","475,423","119,896","106,637","248,890","233,186","279,124","120,008","159,116","413,667","153,283","257,194","47,069","318,469","170,681","147,788","549,395","239,978","153,368","156,049","31,552","99,636","357,338","110,759","236,452","138,291","82,357","143,755","541,569","125,640","223,054","192,875","228,240","105,846","90,454","232,967","409,096","186,038","113,286","69,512","54,895","20,754","30,308","59,076"
2020년10월_여_0~9세,"562,549","47,630","9,008","15,968","4,712","17,942","33,948","7,968","6,496","19,484","16,671","19,571","7,786","11,785","28,306","11,576","23,900","3,086","22,032","11,504","10,528","40,434","18,942","10,190","11,302","2,393","7,413","31,806","11,800","23,513","10,270","6,390","14,658","49,740","10,464","21,040","18,236","21,785","9,197","6,896","26,718","51,335","17,191","9,821","4,177","3,636","1,361","1,710","3,585"
2020년10월_여_10~19세,"648,092","57,440","13,822","16,103","6,832","20,683","43,038","8,677","8,047","26,314","20,652","25,469","9,111","16,358","34,678","15,046","25,670","4,270","31,295","16,723","14,572","51,354","20,264","14,371","16,719","3,033","8,876","37,673","12,208","24,282","13,024","7,162","12,095","59,697","12,459","24,790","22,448","23,682","11,171","8,798","23,092","47,104","16,505","11,855","5,908","4,675","1,494","2,223","4,623"
2020년10월_여_20~29세,"852,841","88,213","19,919","26,163","13,768","28,363","64,506","16,703","14,957","32,846","31,498","37,408","16,516","20,892","56,993","18,460","32,736","5,115","49,626","26,840","22,786","73,579","30,295","22,317","20,967","4,080","13,262","40,514","14,283","31,462","18,319","11,118","17,407","66,028","15,702","27,184","23,142","26,641","13,003","10,039","24,678","47,626","21,214","12,680","7,552","5,462","1,969","2,647","4,723"
2020년10월_여_30~39세,"925,325","86,469","15,746","28,040","11,352","31,331","67,640","16,800","14,417","36,423","29,358","37,455","15,674","21,781","56,873","20,791","36,390","4,922","38,937","20,036","18,901","71,726","33,360","19,552","18,814","4,233","13,187","45,640","17,984","35,532","18,509","11,187","24,410","74,064","16,011","30,663","27,390","31,512","14,176","10,508","38,129","72,456","27,804","13,616","6,527","5,484","1,827","2,638","5,341"
2020년10월_여_40~49세,"1,130,551","100,941","23,062","29,774","13,246","34,859","80,024","17,855","15,671","46,498","37,246","45,233","17,340","27,893","64,643","26,419","43,626","6,939","53,375","28,484","24,891","94,224","39,108","27,068","28,048","4,890","16,566","64,685","20,313","41,608","22,739","12,525","24,001","101,284","20,593","42,802","37,889","39,075","16,812","14,041","41,750","75,992","31,312","19,095","9,517","7,723","2,267","3,679","8,007"
2020년10월_여_50~59세,"1,100,677","98,441","24,685","31,632","15,048","27,076","78,186","20,403","19,074","38,709","40,751","50,423","22,279","28,144","76,192","25,342","40,947","7,756","62,211","33,427","28,784","98,535","41,470","28,425","28,640","5,597","18,186","57,009","15,905","40,973","24,749","15,284","20,931","80,754","20,807","32,877","27,070","34,503","16,966","14,745","32,472","53,089","31,009","18,124","13,186","9,535","3,329","5,350","10,197"
2020년10월_여_60~69세,"759,651","60,009","15,373","19,919","11,396","13,321","57,469","17,197","15,286","24,986","29,173","35,427","17,255","18,172","55,306","19,721","27,287","6,657","33,324","17,837","15,487","59,486","28,233","15,886","15,367","3,742","12,060","42,139","9,944","21,495","16,625","10,548","17,796","55,110","15,375","21,781","17,954","24,446","12,497","12,336","24,857","33,579","23,607","14,222","11,031","9,010","3,625","5,799","11,324"
2020년10월_여_70~79세,"416,901","31,260","8,818","9,446","6,616","6,380","31,575","9,408","8,217","13,950","17,474","17,149","8,804","8,345","25,022","9,917","16,001","5,113","16,371","9,360","7,011","35,432","17,234","8,896","9,302","2,054","6,465","24,182","5,398","10,552","8,298","4,803","7,971","35,653","8,586","14,361","12,706","16,060","7,035","7,380","13,653","17,000","11,249","8,702","6,728","5,375","2,764","3,622","6,643"
2020년10월_여_80~89세,"219,581","16,098","4,770","4,875","3,105","3,348","15,551","4,011","3,636","7,904","8,763","9,229","4,427","4,802","13,110","5,024","9,002","2,712","9,551","5,476","4,075","20,847","9,376","5,598","5,873","1,195","3,059","11,506","2,487","5,919","4,844","2,746","3,626","16,043","4,683","6,321","5,039","8,867","4,231","4,851","6,443","9,191","5,104","4,334","4,083","3,318","1,795","2,229","3,823"
2020년10월_여_90~99세,"39,458","3,040",944,892,548,656,"3,135",729,702,"1,704","1,425","1,633",761,872,"2,356",879,"1,474",434,"1,647",940,707,"3,540","1,545","1,023",972,293,506,"2,026",405,"1,045",860,558,769,"3,032",897,"1,181",954,"1,532",713,814,"1,122","1,645",968,779,755,641,293,381,758
2020년10월_여_100세 이상,"3,140",234,68,67,69,30,351,145,134,72,175,127,55,72,188,108,161,65,100,54,46,238,151,42,45,42,56,158,32,71,54,36,91,164,63,54,47,137,45,46,53,79,75,58,48,36,30,30,52
2020년11월_계_총인구수,"13,413,459","1,187,153","274,148","369,150","174,709","369,146","940,746","242,157","215,975","482,614","460,390","551,296","239,947","311,349","819,990","300,092","534,343","94,199","654,210","350,342","303,868","1,078,047","476,341","298,725","302,981","62,026","197,608","712,900","229,591","497,925","274,309","163,978","291,075","1,074,790","258,079","440,764","375,947","464,453","219,525","186,853","469,340","853,106","381,324","230,273","147,477","111,636","43,531","62,495","118,778"
2020년11월_계_연령구간인구수,"13,413,459","1,187,153","274,148","369,150","174,709","369,146","940,746","242,157","215,975","482,614","460,390","551,296","239,947","311,349","819,990","300,092","534,343","94,199","654,210","350,342","303,868","1,078,047","476,341","298,725","302,981","62,026","197,608","712,900","229,591","497,925","274,309","163,978","291,075","1,074,790","258,079","440,764","375,947","464,453","219,525","186,853","469,340","853,106","381,324","230,273","147,477","111,636","43,531","62,495","118,778"
2020년11월_계_0~9세,"1,148,218","97,684","18,473","32,721","9,497","36,993","69,001","15,913","13,341","39,747","34,369","39,570","15,665","23,905","57,742","23,465","48,882","6,355","44,722","23,596","21,126","82,245","38,637","20,774","22,834","5,005","15,268","65,228","23,930","47,956","20,792","13,210","30,068","101,101","21,271","43,007","36,823","44,418","18,905","14,095","54,595","104,868","35,233","20,027","8,615","7,421","2,752","3,376","7,320"
2020년11월_계_10~19세,"1,332,593","118,729","28,804","33,554","13,925","42,446","88,082","17,688","16,622","53,772","42,614","52,587","18,949","33,638","70,914","30,770","53,148","8,625","64,285","34,273","30,012","105,236","41,548","29,669","34,019","6,251","18,235","77,466","24,886","50,093","26,752","14,694","24,857","122,298","25,843","50,921","45,534","48,931","23,437","18,235","47,395","96,508","33,738","24,130","12,338","9,627","3,191","4,693","9,848"
2020년11월_계_20~29세,"1,804,745","186,689","44,125","54,549","28,837","59,178","132,367","35,240","31,165","65,962","64,366","77,982","34,620","43,362","117,625","38,423","72,932","11,234","106,218","57,826","48,392","150,878","62,894","44,943","43,041","8,594","27,280","84,873","31,244","69,205","38,330","23,519","35,961","137,632","34,602","56,609","46,421","56,695","30,172","22,471","51,423","103,894","45,157","27,347","17,895","12,157","5,375","6,215","10,592"
2020년11월_계_30~39세,"1,906,454","179,021","32,740","58,447","24,645","63,189","137,153","36,050","31,078","70,025","59,901","76,611","33,051","43,560","116,551","41,469","79,942","10,210","85,615","44,073","41,542","142,468","67,715","38,119","36,634","8,587","26,422","89,703","38,989","76,791","38,394","22,961","49,744","145,734","33,935","59,777","52,022","67,024","30,498","23,151","75,324","151,248","57,911","28,120","14,608","11,490","4,242","5,771","10,801"
2020년11월_계_40~49세,"2,298,870","203,131","45,467","61,712","27,325","68,627","157,561","37,736","32,987","86,838","74,755","88,167","35,339","52,828","129,697","51,902","93,403","14,337","108,602","57,974","50,628","182,462","78,753","51,220","52,489","9,393","32,926","130,127","43,246","90,216","44,703","24,688","51,053","200,106","43,479","83,987","72,640","80,588","34,722","30,118","87,582","163,499","66,620","39,476","20,541","16,021","4,985","7,928","16,315"
2020년11월_계_50~59세,"2,234,028","196,733","49,334","62,321","30,581","54,497","155,977","41,370","38,304","76,303","80,261","97,809","43,562","54,247","147,914","49,988","86,674","16,439","127,779","68,827","58,952","194,480","82,733","55,695","56,052","10,898","35,820","116,881","33,214","87,388","48,317","29,526","41,777","164,719","43,211","66,499","55,009","72,714","35,298","31,461","66,521","115,172","63,411","38,041","29,247","20,102","7,163","11,397","20,907"
2020년11월_계_60~69세,"1,521,458","119,555","30,598","39,675","22,333","26,949","113,201","33,482","30,543","49,176","56,826","70,503","34,305","36,198","109,934","37,471","54,648","13,124","70,771","37,518","33,253","120,357","56,493","32,522","31,342","7,310","24,277","82,661","19,816","46,630","33,153","21,341","34,805","105,706","31,131","41,005","33,570","49,014","25,710","25,077","48,887","69,288","47,763","28,746","24,238","18,450","7,507","12,053","22,636"
2020년11월_계_70~79세,"764,570","56,498","15,779","17,453","11,875","11,391","57,949","17,201","15,234","25,514","31,237","31,667","16,468","15,199","46,561","17,856","28,518","8,812","29,677","16,753","12,924","61,973","30,425","15,582","15,966","3,676","11,731","44,658","9,761","19,384","15,082","9,061","16,040","65,568","15,986","26,244","23,338","28,722","13,061","13,627","25,663","32,041","21,870","16,242","12,467","10,208","5,053","6,852","13,055"
2020년11월_계_80~89세,"346,189","24,829","7,478","7,468","4,869","5,014","24,805","6,313","5,638","12,854","13,969","14,068","6,926","7,142","19,748","7,464","13,956","4,362","14,314","8,217","6,097","32,838","14,881","8,749","9,208","1,892","4,880","18,448","3,952","8,826","7,519","4,218","5,658","27,557","7,370","10,981","9,206","14,090","6,716","7,535","10,387","14,401","8,276","7,051","6,465","5,280","2,819","3,635","6,231"
2020년11월_계_90~99세,"52,032","3,969","1,262","1,155",728,824,"4,158",954,876,"2,328","1,865","2,153",979,"1,174","3,054","1,143","2,006",617,"2,094","1,215",879,"4,780","2,051","1,391","1,338",367,688,"2,636",510,"1,337","1,189",712,989,"4,167","1,173","1,663","1,331","2,059",943,"1,025","1,490","2,072","1,242","1,024",983,829,399,526,"1,006"
2020년11월_계_100세 이상,"4,302",315,88,95,94,38,492,210,187,95,227,179,83,96,250,141,234,84,133,70,63,330,211,61,58,53,81,219,43,99,78,48,123,202,78,71,53,198,63,58,73,115,103,69,80,51,45,49,67
2020년11월_남_총인구수,"6,748,061","597,612","138,079","186,359","88,067","185,107","465,702","122,416","109,362","233,924","226,656","272,550","120,116","152,434","406,839","148,104","275,968","46,959","335,365","178,646","156,719","527,834","235,485","145,341","147,008","30,466","98,033","355,027","118,706","260,233","136,130","81,584","146,255","533,488","132,516","217,694","183,278","235,537","113,668","96,313","235,230","442,631","194,991","116,847","78,012","56,728","22,801","32,192","59,600"
2020년11월_남_연령구간인구수,"6,748,061","597,612","138,079","186,359","88,067","185,107","465,702","122,416","109,362","233,924","226,656","272,550","120,116","152,434","406,839","148,104","275,968","46,959","335,365","178,646","156,719","527,834","235,485","145,341","147,008","30,466","98,033","355,027","118,706","260,233","136,130","81,584","146,255","533,488","132,516","217,694","183,278","235,537","113,668","96,313","235,230","442,631","194,991","116,847","78,012","56,728","22,801","32,192","59,600"
2020년11월_남_0~9세,"587,954","50,392","9,533","16,896","4,829","19,134","35,345","8,037","6,872","20,436","17,759","20,127","7,931","12,196","29,630","12,016","24,902","3,286","22,748","11,973","10,775","41,926","19,683","10,623","11,620","2,609","7,902","33,549","12,164","24,444","10,620","6,843","15,384","51,671","10,860","22,092","18,719","22,704","9,782","7,251","27,839","53,644","18,107","10,200","4,469","3,824","1,396","1,672","3,749"
2020년11월_남_10~19세,"685,381","61,418","15,041","17,429","7,121","21,827","45,125","9,029","8,610","27,486","21,949","27,248","9,875","17,373","36,408","15,838","27,426","4,358","33,091","17,537","15,554","53,926","21,260","15,344","17,322","3,231","9,396","39,803","12,707","25,728","13,771","7,599","12,689","62,953","13,627","26,176","23,150","25,146","12,326","9,474","24,167","49,276","17,233","12,271","6,456","4,964","1,698","2,483","5,223"
2020년11월_남_20~29세,"950,169","98,358","24,173","28,433","15,020","30,732","67,888","18,552","16,163","33,173","32,720","40,534","18,117","22,417","60,688","20,116","39,989","6,106","56,532","30,831","25,701","77,268","32,558","22,644","22,066","4,520","13,991","44,261","16,890","37,586","20,037","12,348","18,315","71,407","18,850","29,319","23,238","30,026","17,071","12,384","26,597","56,055","23,927","14,693","10,363","6,664","3,419","3,562","5,854"
2020년11월_남_30~39세,"982,103","92,869","17,053","30,507","13,329","31,980","69,626","19,273","16,671","33,682","30,548","39,314","17,432","21,882","59,876","20,925","43,385","5,265","46,631","23,885","22,746","70,610","34,141","18,580","17,889","4,345","13,283","44,220","21,086","41,109","19,941","11,776","25,216","71,908","17,954","29,232","24,722","35,495","16,350","12,667","37,037","78,759","30,178","14,492","8,117","6,061","2,416","3,130","5,468"
2020년11월_남_40~49세,"1,168,172","102,354","22,497","31,951","14,131","33,775","77,718","19,909","17,371","40,438","37,469","43,123","18,049","25,074","65,275","25,728","49,603","7,397","55,373","29,407","25,966","88,285","39,530","24,222","24,533","4,521","16,400","65,291","22,909","48,497","22,009","12,196","26,820","98,898","22,884","41,213","34,801","41,328","17,938","16,080","45,534","87,191","35,233","20,347","11,062","8,288","2,726","4,267","8,312"
2020년11월_남_50~59세,"1,132,149","98,253","24,696","30,711","15,542","27,304","77,831","21,021","19,286","37,524","39,438","47,470","21,393","26,077","71,850","24,889","45,606","8,667","65,422","35,168","30,254","95,819","41,190","27,279","27,350","5,297","17,640","59,706","17,293","46,142","23,607","14,223","20,746","83,773","22,350","33,537","27,886","38,090","18,357","16,693","33,997","61,841","32,348","19,938","16,051","10,542","3,844","6,056","10,720"
2020년11월_남_60~69세,"756,203","59,114","15,114","19,598","10,873","13,529","55,453","16,219","15,172","24,062","27,405","34,852","16,937","17,915","54,290","17,836","27,095","6,404","37,101","19,460","17,641","60,353","28,005","16,474","15,874","3,548","12,170","40,260","9,788","24,790","16,378","10,719","16,835","50,392","15,651","19,161","15,580","24,375","13,106","12,642","23,794","35,288","23,928","14,435","13,123","9,400","3,869","6,220","11,240"
2020년11월_남_70~79세,"346,710","25,184","6,954","7,977","5,264","4,989","26,365","7,796","7,005","11,564","13,706","14,501","7,666","6,835","21,443","7,994","12,457","3,672","13,248","7,370","5,878","26,483","13,131","6,673","6,679","1,622","5,243","20,383","4,308","8,771","6,761","4,250","7,988","29,901","7,392","11,842","10,667","12,624","6,018","6,227","11,964","14,971","10,590","7,524","5,757","4,831","2,294","3,239","6,391"
2020년11월_남_80~89세,"125,663","8,674","2,683","2,572","1,754","1,665","9,177","2,285","1,987","4,905","5,171","4,824","2,473","2,351","6,622","2,471","4,925","1,613","4,742","2,731","2,011","11,858","5,419","3,131","3,308",680,"1,804","6,901","1,448","2,870","2,659","1,458","2,010","11,438","2,671","4,640","4,127","5,153","2,466","2,673","3,924","5,149","3,141","2,693","2,356","1,954","1,015","1,402","2,392"
2020년11월_남_90~99세,"12,399",913,314,258,178,163,"1,037",231,174,632,442,505,215,290,695,255,506,172,445,268,177,"1,213",508,351,354,83,178,594,101,269,324,159,220,"1,110",264,465,381,535,235,210,358,421,278,242,228,184,108,142,237
2020년11월_남_100세 이상,"1,158",83,21,27,26,9,137,64,51,22,49,52,28,24,62,36,74,19,32,16,16,93,60,20,13,10,26,59,12,27,23,13,32,37,13,17,7,61,19,12,19,36,28,12,30,16,16,19,14
2020년11월_여_총인구수,"6,665,398","589,541","136,069","182,791","86,642","184,039","475,044","119,741","106,613","248,690","233,734","278,746","119,831","158,915","413,151","151,988","258,375","47,240","318,845","171,696","147,149","550,213","240,856","153,384","155,973","31,560","99,575","357,873","110,885","237,692","138,179","82,394","144,820","541,302","125,563","223,070","192,669","228,916","105,857","90,540","234,110","410,475","186,333","113,426","69,465","54,908","20,730","30,303","59,178"
2020년11월_여_연령구간인구수,"6,665,398","589,541","136,069","182,791","86,642","184,039","475,044","119,741","106,613","248,690","233,734","278,746","119,831","158,915","413,151","151,988","258,375","47,240","318,845","171,696","147,149","550,213","240,856","153,384","155,973","31,560","99,575","357,873","110,885","237,692","138,179","82,394","144,820","541,302","125,563","223,070","192,669","228,916","105,857","90,540","234,110","410,475","186,333","113,426","69,465","54,908","20,730","30,303","59,178"
2020년11월_여_0~9세,"560,264","47,292","8,940","15,825","4,668","17,859","33,656","7,876","6,469","19,311","16,610","19,443","7,734","11,709","28,112","11,449","23,980","3,069","21,974","11,623","10,351","40,319","18,954","10,151","11,214","2,396","7,366","31,679","11,766","23,512","10,172","6,367","14,684","49,430","10,411","20,915","18,104","21,714","9,123","6,844","26,756","51,224","17,126","9,827","4,146","3,597","1,356","1,704","3,571"
2020년11월_여_10~19세,"647,212","57,311","13,763","16,125","6,804","20,619","42,957","8,659","8,012","26,286","20,665","25,339","9,074","16,265","34,506","14,932","25,722","4,267","31,194","16,736","14,458","51,310","20,288","14,325","16,697","3,020","8,839","37,663","12,179","24,365","12,981","7,095","12,168","59,345","12,216","24,745","22,384","23,785","11,111","8,761","23,228","47,232","16,505","11,859","5,882","4,663","1,493","2,210","4,625"
2020년11월_여_20~29세,"854,576","88,331","19,952","26,116","13,817","28,446","64,479","16,688","15,002","32,789","31,646","37,448","16,503","20,945","56,937","18,307","32,943","5,128","49,686","26,995","22,691","73,610","30,336","22,299","20,975","4,074","13,289","40,612","14,354","31,619","18,293","11,171","17,646","66,225","15,752","27,290","23,183","26,669","13,101","10,087","24,826","47,839","21,230","12,654","7,532","5,493","1,956","2,653","4,738"
2020년11월_여_30~39세,"924,351","86,152","15,687","27,940","11,316","31,209","67,527","16,777","14,407","36,343","29,353","37,297","15,619","21,678","56,675","20,544","36,557","4,945","38,984","20,188","18,796","71,858","33,574","19,539","18,745","4,242","13,139","45,483","17,903","35,682","18,453","11,185","24,528","73,826","15,981","30,545","27,300","31,529","14,148","10,484","38,287","72,489","27,733","13,628","6,491","5,429","1,826","2,641","5,333"
2020년11월_여_40~49세,"1,130,698","100,777","22,970","29,761","13,194","34,852","79,843","17,827","15,616","46,400","37,286","45,044","17,290","27,754","64,422","26,174","43,800","6,940","53,229","28,567","24,662","94,177","39,223","26,998","27,956","4,872","16,526","64,836","20,337","41,719","22,694","12,492","24,233","101,208","20,595","42,774","37,839","39,260","16,784","14,038","42,048","76,308","31,387","19,129","9,479","7,733","2,259","3,661","8,003"
2020년11월_여_50~59세,"1,101,879","98,480","24,638","31,610","15,039","27,193","78,146","20,349","19,018","38,779","40,823","50,339","22,169","28,170","76,064","25,099","41,068","7,772","62,357","33,659","28,698","98,661","41,543","28,416","28,702","5,601","18,180","57,175","15,921","41,246","24,710","15,303","21,031","80,946","20,861","32,962","27,123","34,624","16,941","14,768","32,524","53,331","31,063","18,103","13,196","9,560","3,319","5,341","10,187"
2020년11월_여_60~69세,"765,255","60,441","15,484","20,077","11,460","13,420","57,748","17,263","15,371","25,114","29,421","35,651","17,368","18,283","55,644","19,635","27,553","6,720","33,670","18,058","15,612","60,004","28,488","16,048","15,468","3,762","12,107","42,401","10,028","21,840","16,775","10,622","17,970","55,314","15,480","21,844","17,990","24,639","12,604","12,435","25,093","34,000","23,835","14,311","11,115","9,050","3,638","5,833","11,396"
2020년11월_여_70~79세,"417,860","31,314","8,825","9,476","6,611","6,402","31,584","9,405","8,229","13,950","17,531","17,166","8,802","8,364","25,118","9,862","16,061","5,140","16,429","9,383","7,046","35,490","17,294","8,909","9,287","2,054","6,488","24,275","5,453","10,613","8,321","4,811","8,052","35,667","8,594","14,402","12,671","16,098","7,043","7,400","13,699","17,070","11,280","8,718","6,710","5,377","2,759","3,613","6,664"
2020년11월_여_80~89세,"220,526","16,155","4,795","4,896","3,115","3,349","15,628","4,028","3,651","7,949","8,798","9,244","4,453","4,791","13,126","4,993","9,031","2,749","9,572","5,486","4,086","20,980","9,462","5,618","5,900","1,212","3,076","11,547","2,504","5,956","4,860","2,760","3,648","16,119","4,699","6,341","5,079","8,937","4,250","4,862","6,463","9,252","5,135","4,358","4,109","3,326","1,804","2,233","3,839"
2020년11월_여_90~99세,"39,633","3,056",948,897,550,661,"3,121",723,702,"1,696","1,423","1,648",764,884,"2,359",888,"1,500",445,"1,649",947,702,"3,567","1,543","1,040",984,284,510,"2,042",409,"1,068",865,553,769,"3,057",909,"1,198",950,"1,524",708,815,"1,132","1,651",964,782,755,645,291,384,769
2020년11월_여_100세 이상,"3,144",232,67,68,68,29,355,146,136,73,178,127,55,72,188,105,160,65,101,54,47,237,151,41,45,43,55,160,31,72,55,35,91,165,65,54,46,137,44,46,54,79,75,57,50,35,29,30,53
2020년12월_계_총인구수,"13,427,014","1,186,078","273,661","368,645","174,930","368,842","940,064","241,701","216,131","482,232","461,710","550,027","239,413","310,614","818,383","298,599","537,307","94,353","654,915","351,888","303,027","1,079,216","476,962","299,716","302,538","63,231","197,454","713,321","229,725","500,895","273,791","163,795","293,452","1,074,176","257,498","440,835","375,843","465,617","218,388","187,012","473,970","855,248","382,054","230,359","147,274","111,897","43,516","62,377","118,810"
2020년12월_계_연령구간인구수,"13,427,014","1,186,078","273,661","368,645","174,930","368,842","940,064","241,701","216,131","482,232","461,710","550,027","239,413","310,614","818,383","298,599","537,307","94,353","654,915","351,888","303,027","1,079,216","476,962","299,716","302,538","63,231","197,454","713,321","229,725","500,895","273,791","163,795","293,452","1,074,176","257,498","440,835","375,843","465,617","218,388","187,012","473,970","855,248","382,054","230,359","147,274","111,897","43,516","62,377","118,810"
2020년12월_계_0~9세,"1,145,984","97,114","18,341","32,512","9,483","36,778","68,835","15,869","13,260","39,706","34,453","39,294","15,560","23,734","57,224","23,283","49,153","6,298","44,632","23,696","20,936","82,122","38,582","20,860","22,680","5,175","15,199","64,926","23,784","48,317","20,630","13,162","30,194","100,771","21,222","42,799","36,750","44,314","18,823","14,048","55,253","104,485","35,190","19,940","8,579","7,414","2,730","3,344","7,298"
2020년12월_계_10~19세,"1,328,214","118,329","28,651","33,479","13,840","42,359","87,839","17,565","16,587","53,687","42,539","52,357","18,859","33,498","70,576","30,581","53,214","8,604","64,045","34,292","29,753","105,008","41,513","29,625","33,870","6,319","18,151","77,268","24,873","50,147","26,654","14,596","25,139","121,165","24,883","50,832","45,450","49,062","22,231","17,999","47,723","96,749","33,619","24,057","12,243","9,592","3,193","4,634","9,708"
2020년12월_계_20~29세,"1,807,848","186,605","43,999","54,503","28,980","59,123","132,278","35,235","31,252","65,791","64,571","77,754","34,502","43,252","117,408","38,256","73,430","11,303","106,487","58,151","48,336","150,925","62,879","45,026","43,020","8,732","27,281","85,023","31,321","69,580","38,232","23,532","36,407","137,762","34,504","56,781","46,477","56,876","30,105","22,544","52,038","104,538","45,220","27,449","17,841","12,177","5,364","6,212","10,597"
2020년12월_계_30~39세,"1,907,459","178,587","32,667","58,163","24,699","63,058","137,008","35,971","31,123","69,914","60,147","76,353","32,954","43,399","116,034","41,208","80,697","10,215","85,743","44,312","41,431","142,781","67,900","38,431","36,450","8,787","26,372","89,472","38,973","77,446","38,258","22,922","50,109","145,303","34,006","59,526","51,771","67,035","30,526","23,127","76,392","151,181","57,844","28,048","14,576","11,539","4,259","5,742","10,775"
2020년12월_계_40~49세,"2,299,423","202,837","45,313","61,685","27,325","68,514","157,165","37,651","32,908","86,606","74,794","87,806","35,184","52,622","129,151","51,599","93,800","14,334","108,359","58,079","50,280","182,400","78,754","51,287","52,359","9,526","32,845","130,172","43,237","90,660","44,520","24,616","51,423","200,015","43,528","83,883","72,604","80,840","34,690","30,171","88,432","164,059","66,823","39,444","20,472","16,033","4,978","7,910","16,312"
2020년12월_계_50~59세,"2,234,920","196,496","49,266","62,091","30,545","54,594","155,792","41,247","38,243","76,302","80,387","97,513","43,385","54,128","147,596","49,677","86,913","16,481","127,771","69,060","58,711","194,504","82,749","55,775","55,980","11,093","35,772","117,021","33,266","87,624","48,202","29,455","42,068","165,072","43,270","66,733","55,069","72,852","35,246","31,465","66,885","115,447","63,534","38,089","29,176","20,117","7,132","11,364","20,910"
2020년12월_계_60~69세,"1,532,434","120,296","30,739","39,976","22,450","27,131","113,617","33,482","30,714","49,421","57,284","70,845","34,478","36,367","110,614","37,492","55,209","13,225","71,471","37,944","33,527","121,324","56,886","32,825","31,613","7,524","24,423","83,184","19,943","47,233","33,359","21,419","35,105","106,264","31,378","41,167","33,719","49,418","25,947","25,328","49,431","69,998","48,147","28,860","24,393","18,622","7,547","12,108","22,804"
2020년12월_계_70~79세,"765,815","56,575","15,803","17,476","11,901","11,395","57,948","17,169","15,306","25,473","31,313","31,645","16,458","15,187","46,638","17,783","28,554","8,799","29,780","16,804","12,976","61,935","30,417","15,627","15,891","3,722","11,744","44,796","9,779","19,517","15,124","9,097","16,178","65,624","16,025","26,278","23,321","28,781","13,065","13,644","25,784","32,115","21,969","16,287","12,465","10,214","5,045","6,833","13,062"
2020년12월_계_80~89세,"348,213","24,953","7,526","7,502","4,893","5,032","24,919","6,336","5,680","12,903","14,102","14,124","6,969","7,155","19,800","7,432","14,096","4,387","14,393","8,258","6,135","33,052","14,991","8,792","9,269","1,917","4,889","18,570","3,998","8,918","7,532","4,226","5,707","27,806","7,426","11,085","9,295","14,168","6,742","7,596","10,443","14,481","8,339","7,099","6,475","5,309","2,821","3,651","6,268"
2020년12월_계_90~99세,"52,389","3,970","1,267","1,163",720,820,"4,168",964,871,"2,333","1,887","2,157",978,"1,179","3,092","1,145","2,008",622,"2,102","1,223",879,"4,832","2,077","1,406","1,349",383,696,"2,666",509,"1,357","1,202",722,998,"4,189","1,178","1,678","1,333","2,075",950,"1,034","1,516","2,079","1,264","1,021",976,828,400,529,"1,012"
2020년12월_계_100세 이상,"4,315",316,89,95,94,38,495,212,187,96,233,179,86,93,250,143,233,85,132,69,63,333,214,62,57,53,82,223,42,96,78,48,124,205,78,73,54,196,63,56,73,116,105,65,78,52,47,50,64
2020년12월_남_총인구수,"6,754,469","597,076","137,807","186,050","88,180","185,039","465,407","122,204","109,444","233,759","227,342","271,936","119,864","152,072","406,023","147,278","277,617","47,038","335,804","179,452","156,352","528,480","235,773","145,874","146,833","31,068","97,939","355,197","118,785","261,730","135,834","81,470","147,424","532,847","131,974","217,663","183,210","236,049","112,947","96,355","237,507","443,841","195,298","116,916","77,905","56,838","22,799","32,156","59,563"
2020년12월_남_연령구간인구수,"6,754,469","597,076","137,807","186,050","88,180","185,039","465,407","122,204","109,444","233,759","227,342","271,936","119,864","152,072","406,023","147,278","277,617","47,038","335,804","179,452","156,352","528,480","235,773","145,874","146,833","31,068","97,939","355,197","118,785","261,730","135,834","81,470","147,424","532,847","131,974","217,663","183,210","236,049","112,947","96,355","237,507","443,841","195,298","116,916","77,905","56,838","22,799","32,156","59,563"
2020년12월_남_0~9세,"586,787","50,095","9,471","16,762","4,807","19,055","35,249","8,005","6,815","20,429","17,819","19,998","7,883","12,115","29,381","11,938","25,032","3,262","22,718","12,013","10,705","41,892","19,688","10,656","11,548","2,700","7,852","33,359","12,105","24,606","10,547","6,817","15,438","51,507","10,834","21,958","18,715","22,654","9,729","7,219","28,161","53,416","18,074","10,178","4,439","3,813","1,394","1,663","3,732"
2020년12월_남_10~19세,"682,846","61,239","14,941","17,407","7,090","21,801","44,995","8,986","8,585","27,424","21,925","27,133","9,835","17,298","36,234","15,718","27,450","4,341","32,993","17,555","15,438","53,819","21,230","15,305","17,284","3,267","9,366","39,721","12,682","25,752","13,753","7,524","12,835","62,194","12,955","26,115","23,124","25,236","11,559","9,340","24,310","49,446","17,191","12,224","6,406","4,932","1,692","2,466","5,103"
2020년12월_남_20~29세,"951,737","98,312","24,079","28,438","15,090","30,705","67,835","18,557","16,196","33,082","32,826","40,402","18,066","22,336","60,577","20,018","40,268","6,142","56,666","31,001","25,665","77,295","32,510","22,710","22,075","4,597","13,976","44,355","16,928","37,830","19,959","12,363","18,535","71,344","18,759","29,375","23,210","30,130","17,037","12,406","26,896","56,480","23,933","14,756","10,344","6,682","3,403","3,575","5,867"
2020년12월_남_30~39세,"982,843","92,711","17,043","30,363","13,377","31,928","69,598","19,208","16,733","33,657","30,694","39,208","17,396","21,812","59,617","20,774","43,848","5,274","46,746","24,037","22,709","70,826","34,281","18,760","17,785","4,440","13,269","44,103","21,067","41,440","19,850","11,785","25,406","71,746","18,018","29,164","24,564","35,424","16,377","12,660","37,568","78,651","30,130","14,464","8,108","6,086","2,428","3,114","5,431"
2020년12월_남_40~49세,"1,168,836","102,242","22,432","31,915","14,144","33,751","77,503","19,874","17,309","40,320","37,482","42,992","17,995","24,997","65,030","25,546","49,886","7,410","55,320","29,482","25,838","88,281","39,508","24,287","24,486","4,594","16,382","65,318","22,913","48,752","21,924","12,152","26,999","98,833","22,901","41,136","34,796","41,456","17,940","16,095","46,006","87,518","35,343","20,345","11,026","8,267","2,722","4,257","8,302"
2020년12월_남_50~59세,"1,132,305","98,048","24,654","30,571","15,495","27,328","77,774","20,947","19,283","37,544","39,509","47,317","21,284","26,033","71,680","24,732","45,684","8,671","65,374","35,270","30,104","95,784","41,159","27,309","27,316","5,386","17,597","59,769","17,350","46,243","23,544","14,174","20,897","83,930","22,350","33,669","27,911","38,174","18,327","16,697","34,160","61,970","32,411","19,961","15,988","10,560","3,837","6,023","10,734"
2020년12월_남_60~69세,"761,522","59,470","15,174","19,734","10,937","13,625","55,652","16,249","15,252","24,151","27,613","34,993","17,012","17,981","54,595","17,801","27,424","6,465","37,433","19,673","17,760","60,842","28,219","16,620","16,003","3,661","12,232","40,503","9,839","25,085","16,450","10,746","16,960","50,673","15,776","19,226","15,671","24,559","13,228","12,765","24,064","35,687","24,118","14,497","13,211","9,479","3,886","6,251","11,340"
2020년12월_남_70~79세,"347,382","25,240","6,973","7,986","5,278","5,003","26,391","7,793","7,033","11,565","13,752","14,488","7,668","6,820","21,501","7,998","12,461","3,665","13,299","7,383","5,916","26,460","13,118","6,704","6,638","1,641","5,250","20,449","4,321","8,831","6,783","4,269","8,076","29,896","7,406","11,847","10,643","12,650","6,013","6,249","12,023","15,013","10,613","7,537","5,757","4,845","2,293","3,226","6,392"
2020년12월_남_80~89세,"126,549","8,721","2,704","2,588","1,760","1,669","9,229","2,288","2,016","4,925","5,222","4,847","2,484","2,363","6,639","2,462","4,989","1,613","4,775","2,753","2,022","11,961","5,484","3,147","3,330",687,"1,806","6,954","1,466","2,894","2,672","1,466","2,024","11,564","2,701","4,680","4,183","5,172","2,479","2,704","3,940","5,197","3,177","2,704","2,366","1,970","1,019","1,417","2,413"
2020년12월_남_90~99세,"12,505",914,315,258,176,165,"1,047",234,171,642,449,506,212,294,707,255,502,175,448,269,179,"1,227",516,355,356,85,182,607,102,271,330,161,221,"1,123",261,476,386,534,239,208,360,427,281,238,230,188,108,144,236
2020년12월_남_100세 이상,"1,157",84,21,28,26,9,134,63,51,20,51,52,29,23,62,36,73,20,32,16,16,93,60,21,12,10,27,59,12,26,22,13,33,37,13,17,7,60,19,12,19,36,27,12,30,16,17,20,13
2020년12월_여_총인구수,"6,672,545","589,002","135,854","182,595","86,750","183,803","474,657","119,497","106,687","248,473","234,368","278,091","119,549","158,542","412,360","151,321","259,690","47,315","319,111","172,436","146,675","550,736","241,189","153,842","155,705","32,163","99,515","358,124","110,940","239,165","137,957","82,325","146,028","541,329","125,524","223,172","192,633","229,568","105,441","90,657","236,463","411,407","186,756","113,443","69,369","55,059","20,717","30,221","59,247"
2020년12월_여_연령구간인구수,"6,672,545","589,002","135,854","182,595","86,750","183,803","474,657","119,497","106,687","248,473","234,368","278,091","119,549","158,542","412,360","151,321","259,690","47,315","319,111","172,436","146,675","550,736","241,189","153,842","155,705","32,163","99,515","358,124","110,940","239,165","137,957","82,325","146,028","541,329","125,524","223,172","192,633","229,568","105,441","90,657","236,463","411,407","186,756","113,443","69,369","55,059","20,717","30,221","59,247"
2020년12월_여_0~9세,"559,197","47,019","8,870","15,750","4,676","17,723","33,586","7,864","6,445","19,277","16,634","19,296","7,677","11,619","27,843","11,345","24,121","3,036","21,914","11,683","10,231","40,230","18,894","10,204","11,132","2,475","7,347","31,567","11,679","23,711","10,083","6,345","14,756","49,264","10,388","20,841","18,035","21,660","9,094","6,829","27,092","51,069","17,116","9,762","4,140","3,601","1,336","1,681","3,566"
2020년12월_여_10~19세,"645,368","57,090","13,710","16,072","6,750","20,558","42,844","8,579","8,002","26,263","20,614","25,224","9,024","16,200","34,342","14,863","25,764","4,263","31,052","16,737","14,315","51,189","20,283","14,320","16,586","3,052","8,785","37,547","12,191","24,395","12,901","7,072","12,304","58,971","11,928","24,717","22,326","23,826","10,672","8,659","23,413","47,303","16,428","11,833","5,837","4,660","1,501","2,168","4,605"
2020년12월_여_20~29세,"856,111","88,293","19,920","26,065","13,890","28,418","64,443","16,678","15,056","32,709","31,745","37,352","16,436","20,916","56,831","18,238","33,162","5,161","49,821","27,150","22,671","73,630","30,369","22,316","20,945","4,135","13,305","40,668","14,393","31,750","18,273","11,169","17,872","66,418","15,745","27,406","23,267","26,746","13,068","10,138","25,142","48,058","21,287","12,693","7,497","5,495","1,961","2,637","4,730"
2020년12월_여_30~39세,"924,616","85,876","15,624","27,800","11,322","31,130","67,410","16,763","14,390","36,257","29,453","37,145","15,558","21,587","56,417","20,434","36,849","4,941","38,997","20,275","18,722","71,955","33,619","19,671","18,665","4,347","13,103","45,369","17,906","36,006","18,408","11,137","24,703","73,557","15,988","30,362","27,207","31,611","14,149","10,467","38,824","72,530","27,714","13,584","6,468","5,453","1,831","2,628","5,344"
2020년12월_여_40~49세,"1,130,587","100,595","22,881","29,770","13,181","34,763","79,662","17,777","15,599","46,286","37,312","44,814","17,189","27,625","64,121","26,053","43,914","6,924","53,039","28,597","24,442","94,119","39,246","27,000","27,873","4,932","16,463","64,854","20,324","41,908","22,596","12,464","24,424","101,182","20,627","42,747","37,808","39,384","16,750","14,076","42,426","76,541","31,480","19,099","9,446","7,766","2,256","3,653","8,010"
2020년12월_여_50~59세,"1,102,615","98,448","24,612","31,520","15,050","27,266","78,018","20,300","18,960","38,758","40,878","50,196","22,101","28,095","75,916","24,945","41,229","7,810","62,397","33,790","28,607","98,720","41,590","28,466","28,664","5,707","18,175","57,252","15,916","41,381","24,658","15,281","21,171","81,142","20,920","33,064","27,158","34,678","16,919","14,768","32,725","53,477","31,123","18,128","13,188","9,557","3,295","5,341","10,176"
2020년12월_여_60~69세,"770,912","60,826","15,565","20,242","11,513","13,506","57,965","17,233","15,462","25,270","29,671","35,852","17,466","18,386","56,019","19,691","27,785","6,760","34,038","18,271","15,767","60,482","28,667","16,205","15,610","3,863","12,191","42,681","10,104","22,148","16,909","10,673","18,145","55,591","15,602","21,941","18,048","24,859","12,719","12,563","25,367","34,311","24,029","14,363","11,182","9,143","3,661","5,857","11,464"
2020년12월_여_70~79세,"418,433","31,335","8,830","9,490","6,623","6,392","31,557","9,376","8,273","13,908","17,561","17,157","8,790","8,367","25,137","9,785","16,093","5,134","16,481","9,421","7,060","35,475","17,299","8,923","9,253","2,081","6,494","24,347","5,458","10,686","8,341","4,828","8,102","35,728","8,619","14,431","12,678","16,131","7,052","7,395","13,761","17,102","11,356","8,750","6,708","5,369","2,752","3,607","6,670"
2020년12월_여_80~89세,"221,664","16,232","4,822","4,914","3,133","3,363","15,690","4,048","3,664","7,978","8,880","9,277","4,485","4,792","13,161","4,970","9,107","2,774","9,618","5,505","4,113","21,091","9,507","5,645","5,939","1,230","3,083","11,616","2,532","6,024","4,860","2,760","3,683","16,242","4,725","6,405","5,112","8,996","4,263","4,892","6,503","9,284","5,162","4,395","4,109","3,339","1,802","2,234","3,855"
2020년12월_여_90~99세,"39,884","3,056",952,905,544,655,"3,121",730,700,"1,691","1,438","1,651",766,885,"2,385",890,"1,506",447,"1,654",954,700,"3,605","1,561","1,051",993,298,514,"2,059",407,"1,086",872,561,777,"3,066",917,"1,202",947,"1,541",711,826,"1,156","1,652",983,783,746,640,292,385,776
2020년12월_여_100세 이상,"3,158",232,68,67,68,29,361,149,136,76,182,127,57,70,188,107,160,65,100,53,47,240,154,41,45,43,55,164,30,70,56,35,91,168,65,56,47,136,44,44,54,80,78,53,48,36,30,30,51
2021년01월_계_총인구수,"13,449,499","1,185,741","273,324","368,686","175,098","368,633","939,774","241,568","216,142","482,064","462,499","549,730","239,070","310,660","817,449","297,748","540,929","94,443","655,733","352,897","302,836","1,081,175","478,147","300,665","302,363","64,549","197,217","714,822","230,042","504,935","273,542","163,585","295,122","1,075,045","257,773","440,940","376,332","466,539","218,651","187,232","477,332","857,550","382,578","231,241","147,393","112,044","43,438","62,399","119,022"
2021년01월_계_연령구간인구수,"13,449,499","1,185,741","273,324","368,686","175,098","368,633","939,774","241,568","216,142","482,064","462,499","549,730","239,070","310,660","817,449","297,748","540,929","94,443","655,733","352,897","302,836","1,081,175","478,147","300,665","302,363","64,549","197,217","714,822","230,042","504,935","273,542","163,585","295,122","1,075,045","257,773","440,940","376,332","466,539","218,651","187,232","477,332","857,550","382,578","231,241","147,393","112,044","43,438","62,399","119,022"
2021년01월_계_0~9세,"1,140,854","96,331","18,132","32,303","9,380","36,516","68,301","15,723","13,176","39,402","34,316","38,980","15,408","23,572","56,594","23,039","49,332","6,247","44,374","23,625","20,749","81,889","38,517","20,868","22,504","5,377","15,049","64,619","23,574","48,875","20,505","13,016","30,164","100,084","21,080","42,435","36,569","44,064","18,689","13,973","55,468","103,916","34,957","19,947","8,509","7,366","2,702","3,334","7,263"
2021년01월_계_10~19세,"1,327,712","118,004","28,542","33,414","13,777","42,271","87,577","17,506","16,494","53,577","42,445","52,278","18,775","33,503","70,237","30,438","53,435","8,603","63,857","34,257","29,600","104,814","41,468","29,618","33,728","6,435","18,093","77,390","24,924","50,397","26,493","14,561","25,378","121,078","24,731","50,790","45,557","49,196","22,042","17,908","48,102","97,086","33,621","24,137","12,141","9,558","3,179","4,578","9,727"
2021년01월_계_20~29세,"1,809,285","186,382","43,862","54,418","29,052","59,050","132,058","35,164","31,200","65,694","64,700","77,416","34,358","43,058","117,030","38,088","73,980","11,286","106,590","58,356","48,234","150,816","62,787","45,052","42,977","8,825","27,239","85,165","31,378","69,859","38,199","23,456","36,632","137,984","34,485","57,003","46,496","56,945","30,257","22,585","52,445","104,994","45,203","27,498","17,895","12,225","5,334","6,253","10,568"
2021년01월_계_30~39세,"1,906,582","178,182","32,590","58,003","24,758","62,831","136,762","35,907","31,128","69,727","60,085","76,355","32,846","43,509","115,524","40,935","81,379","10,177","85,788","44,397","41,391","143,262","68,185","38,658","36,419","8,987","26,228","89,274","38,825","78,212","38,131","22,826","50,171","144,750","33,964","59,161","51,625","66,931","30,540","23,084","76,728","150,827","57,679","28,151","14,559","11,496","4,243","5,709","10,782"
2021년01월_계_40~49세,"2,300,938","202,513","45,141","61,702","27,261","68,409","156,911","37,605","32,875","86,431","74,819","87,497","35,032","52,465","128,827","51,316","94,298","14,316","108,102","58,022","50,080","182,175","78,812","51,295","52,068","9,758","32,722","130,410","43,380","91,425","44,321","24,587","51,912","199,921","43,651","83,722","72,548","80,805","34,713","30,208","89,210","164,718","66,904","39,558","20,425","16,033","4,954","7,896","16,304"
2021년01월_계_50~59세,"2,239,200","196,509","49,257","62,014","30,525","54,713","155,826","41,184","38,171","76,471","80,522","97,454","43,314","54,140","147,397","49,599","87,462","16,520","127,904","69,241","58,663","194,901","82,908","55,985","56,008","11,280","35,771","117,419","33,399","88,019","48,122","29,389","42,254","165,706","43,343","66,986","55,377","73,232","35,314","31,458","67,232","116,070","63,681","38,204","29,147","20,132","7,106","11,352","20,819"
2021년01월_계_60~69세,"1,548,037","121,665","31,033","40,467","22,667","27,498","114,432","33,711","30,941","49,780","57,843","71,437","34,752","36,685","111,658","37,737","55,895","13,340","72,450","38,506","33,944","122,721","57,521","33,195","32,005","7,714","24,672","83,886","20,137","48,041","33,731","21,610","35,407","107,144","31,715","41,485","33,944","49,918","26,185","25,574","50,063","70,875","48,609","29,109","24,646","18,754","7,596","12,179","23,009"
2021년01월_계_70~79세,"768,814","56,690","15,811","17,532","11,919","11,428","58,135","17,213","15,366","25,556","31,433","31,772","16,510","15,262","46,848","17,858","28,675","8,795","29,918","16,870","13,048","62,076","30,512","15,670","15,894","3,789","11,757","45,017","9,842","19,639","15,182","9,119","16,319","65,857","16,083","26,371","23,403","28,847","13,114","13,719","25,901","32,261","22,150","16,339","12,488","10,252","5,042","6,830","13,150"
2021년01월_계_80~89세,"350,794","25,134","7,583","7,565","4,942","5,044","25,087","6,372","5,724","12,991","14,193","14,164","6,995","7,169","19,945","7,439","14,213","4,449","14,504","8,318","6,186","33,285","15,119","8,834","9,332","1,940","4,899","18,728","4,023","8,995","7,577","4,235","5,753","28,103","7,463","11,224","9,416","14,294","6,770","7,624","10,575","14,579","8,403","7,193","6,520","5,333","2,833","3,686","6,318"
2021년01월_계_90~99세,"52,908","4,007","1,283","1,172",718,834,"4,178",964,879,"2,335","1,908","2,193",991,"1,202","3,135","1,155","2,023",625,"2,114","1,236",878,"4,894","2,100","1,426","1,368",391,704,"2,689",518,"1,376","1,206",739,"1,009","4,209","1,176","1,689","1,344","2,108",963,"1,044","1,533","2,105","1,267","1,041",984,840,403,531,"1,016"
2021년01월_계_100세 이상,"4,375",324,90,96,99,39,507,219,188,100,235,184,89,95,254,144,237,85,132,69,63,342,218,64,60,53,83,225,42,97,75,47,123,209,82,74,53,199,64,55,75,119,104,64,79,55,46,51,66
2021년01월_남_총인구수,"6,765,862","596,918","137,599","186,125","88,300","184,894","465,278","122,167","109,424","233,687","227,731","271,760","119,689","152,071","405,464","146,858","279,690","47,077","336,265","180,008","156,257","529,378","236,307","146,316","146,755","31,675","97,836","355,980","118,964","263,749","135,726","81,379","148,229","533,222","132,112","217,700","183,410","236,488","113,095","96,474","239,165","445,135","195,548","117,346","77,964","56,897","22,744","32,169","59,658"
2021년01월_남_연령구간인구수,"6,765,862","596,918","137,599","186,125","88,300","184,894","465,278","122,167","109,424","233,687","227,731","271,760","119,689","152,071","405,464","146,858","279,690","47,077","336,265","180,008","156,257","529,378","236,307","146,316","146,755","31,675","97,836","355,980","118,964","263,749","135,726","81,379","148,229","533,222","132,112","217,700","183,410","236,488","113,095","96,474","239,165","445,135","195,548","117,346","77,964","56,897","22,744","32,169","59,658"
2021년01월_남_0~9세,"584,069","49,709","9,357","16,649","4,761","18,942","34,941","7,929","6,757","20,255","17,730","19,829","7,798","12,031","29,054","11,814","25,144","3,234","22,604","11,996","10,608","41,795","19,657","10,678","11,460","2,784","7,774","33,225","11,972","24,872","10,495","6,749","15,437","51,142","10,776","21,743","18,623","22,510","9,653","7,182","28,281","53,093","17,955","10,158","4,398","3,788","1,380","1,658","3,709"
2021년01월_남_10~19세,"682,503","61,039","14,878","17,388","7,051","21,722","44,885","8,959","8,533","27,393","21,883","27,137","9,791","17,346","36,055","15,638","27,558","4,332","32,860","17,528","15,332","53,726","21,203","15,297","17,226","3,321","9,332","39,755","12,713","25,887","13,667","7,506","12,933","62,134","12,859","26,090","23,185","25,303","11,459","9,306","24,514","49,603","17,183","12,274","6,361","4,913","1,679","2,434","5,113"
2021년01월_남_20~29세,"952,644","98,178","23,999","28,419","15,097","30,663","67,737","18,539","16,137","33,061","32,863","40,130","17,973","22,157","60,382","19,948","40,620","6,140","56,726","31,121","25,605","77,253","32,472","22,709","22,072","4,630","13,978","44,447","16,960","37,958","19,969","12,332","18,633","71,477","18,720","29,526","23,231","30,203","17,137","12,431","27,065","56,827","23,946","14,761","10,358","6,707","3,391","3,599","5,858"
2021년01월_남_30~39세,"982,309","92,564","17,010","30,280","13,451","31,823","69,451","19,163","16,744","33,544","30,692","39,257","17,379","21,878","59,342","20,646","44,259","5,236","46,791","24,089","22,702","70,988","34,354","18,858","17,776","4,536","13,189","44,020","20,968","41,764","19,772","11,753","25,437","71,443","18,026","28,953","24,464","35,360","16,372","12,626","37,701","78,479","30,013","14,541","8,094","6,062","2,412","3,099","5,442"
2021년01월_남_40~49세,"1,169,698","102,029","22,307","31,922","14,132","33,668","77,406","19,851","17,290","40,265","37,520","42,846","17,922","24,924","64,865","25,359","50,182","7,418","55,262","29,487","25,775","88,179","39,538","24,306","24,335","4,694","16,343","65,418","23,022","49,208","21,832","12,128","27,217","98,747","22,962","41,051","34,734","41,419","17,948","16,118","46,467","87,822","35,375","20,375","11,001","8,268","2,713","4,245","8,272"
2021년01월_남_50~59세,"1,134,692","98,106","24,695","30,543","15,475","27,393","77,841","20,942","19,268","37,631","39,568","47,299","21,260","26,039","71,541","24,733","45,999","8,677","65,395","35,341","30,054","95,995","41,288","27,396","27,311","5,476","17,596","59,953","17,438","46,419","23,497","14,145","21,024","84,294","22,384","33,832","28,078","38,363","18,372","16,695","34,298","62,372","32,482","20,053","15,981","10,569","3,819","6,010","10,682"
2021년01월_남_60~69세,"769,505","60,163","15,298","19,996","11,063","13,806","56,039","16,365","15,372","24,302","27,888","35,260","17,117","18,143","55,125","17,910","27,797","6,537","37,962","19,974","17,988","61,523","28,516","16,804","16,203","3,765","12,331","40,919","9,941","25,509","16,624","10,837","17,114","51,124","15,958","19,380","15,786","24,798","13,369","12,898","24,374","36,147","24,389","14,627","13,345","9,531","3,918","6,291","11,450"
2021년01월_남_70~79세,"348,924","25,297","6,978","8,020","5,281","5,018","26,467","7,806","7,058","11,603","13,823","14,568","7,706","6,862","21,619","8,048","12,522","3,669","13,372","7,415","5,957","26,539","13,165","6,726","6,648","1,667","5,272","20,521","4,358","8,910","6,829","4,284","8,128","29,986","7,430","11,877","10,679","12,703","6,035","6,280","12,081","15,071","10,685","7,558","5,782","4,874","2,283","3,241","6,452"
2021년01월_남_80~89세,"127,700","8,830","2,735","2,625","1,786","1,684","9,323","2,315","2,037","4,971","5,261","4,860","2,489","2,371","6,706","2,467","5,032","1,636","4,804","2,766","2,038","12,043","5,526","3,168","3,349",704,"1,807","7,044","1,474","2,921","2,687","1,464","2,048","11,706","2,720","4,752","4,234","5,223","2,493","2,716","4,002","5,249","3,214","2,748","2,381","1,973","1,025","1,430","2,429"
2021년01월_남_90~99세,"12,643",919,321,255,177,166,"1,051",233,176,642,452,520,224,296,713,259,503,177,457,275,182,"1,240",527,353,360,88,187,617,106,274,333,168,224,"1,131",263,479,389,546,237,211,362,436,279,239,233,196,107,141,237
2021년01월_남_100세 이상,"1,175",84,21,28,26,9,137,65,52,20,51,54,30,24,62,36,74,21,32,16,16,97,61,21,15,10,27,61,12,27,21,13,34,38,14,17,7,60,20,11,20,36,27,12,30,16,17,21,14
2021년01월_여_총인구수,"6,683,637","588,823","135,725","182,561","86,798","183,739","474,496","119,401","106,718","248,377","234,768","277,970","119,381","158,589","411,985","150,890","261,239","47,366","319,468","172,889","146,579","551,797","241,840","154,349","155,608","32,874","99,381","358,842","111,078","241,186","137,816","82,206","146,893","541,823","125,661","223,240","192,922","230,051","105,556","90,758","238,167","412,415","187,030","113,895","69,429","55,147","20,694","30,230","59,364"
2021년01월_여_연령구간인구수,"6,683,637","588,823","135,725","182,561","86,798","183,739","474,496","119,401","106,718","248,377","234,768","277,970","119,381","158,589","411,985","150,890","261,239","47,366","319,468","172,889","146,579","551,797","241,840","154,349","155,608","32,874","99,381","358,842","111,078","241,186","137,816","82,206","146,893","541,823","125,661","223,240","192,922","230,051","105,556","90,758","238,167","412,415","187,030","113,895","69,429","55,147","20,694","30,230","59,364"
2021년01월_여_0~9세,"556,785","46,622","8,775","15,654","4,619","17,574","33,360","7,794","6,419","19,147","16,586","19,151","7,610","11,541","27,540","11,225","24,188","3,013","21,770","11,629","10,141","40,094","18,860","10,190","11,044","2,593","7,275","31,394","11,602","24,003","10,010","6,267","14,727","48,942","10,304","20,692","17,946","21,554","9,036","6,791","27,187","50,823","17,002","9,789","4,111","3,578","1,322","1,676","3,554"
2021년01월_여_10~19세,"645,209","56,965","13,664","16,026","6,726","20,549","42,692","8,547","7,961","26,184","20,562","25,141","8,984","16,157","34,182","14,800","25,877","4,271","30,997","16,729","14,268","51,088","20,265","14,321","16,502","3,114","8,761","37,635","12,211","24,510","12,826","7,055","12,445","58,944","11,872","24,700","22,372","23,893","10,583","8,602","23,588","47,483","16,438","11,863","5,780","4,645","1,500","2,144","4,614"
2021년01월_여_20~29세,"856,641","88,204","19,863","25,999","13,955","28,387","64,321","16,625","15,063","32,633","31,837","37,286","16,385","20,901","56,648","18,140","33,360","5,146","49,864","27,235","22,629","73,563","30,315","22,343","20,905","4,195","13,261","40,718","14,418","31,901","18,230","11,124","17,999","66,507","15,765","27,477","23,265","26,742","13,120","10,154","25,380","48,167","21,257","12,737","7,537","5,518","1,943","2,654","4,710"
2021년01월_여_30~39세,"924,273","85,618","15,580","27,723","11,307","31,008","67,311","16,744","14,384","36,183","29,393","37,098","15,467","21,631","56,182","20,289","37,120","4,941","38,997","20,308","18,689","72,274","33,831","19,800","18,643","4,451","13,039","45,254","17,857","36,448","18,359","11,073","24,734","73,307","15,938","30,208","27,161","31,571","14,168","10,458","39,027","72,348","27,666","13,610","6,465","5,434","1,831","2,610","5,340"
2021년01월_여_40~49세,"1,131,240","100,484","22,834","29,780","13,129","34,741","79,505","17,754","15,585","46,166","37,299","44,651","17,110","27,541","63,962","25,957","44,116","6,898","52,840","28,535","24,305","93,996","39,274","26,989","27,733","5,064","16,379","64,992","20,358","42,217","22,489","12,459","24,695","101,174","20,689","42,671","37,814","39,386","16,765","14,090","42,743","76,896","31,529","19,183","9,424","7,765","2,241","3,651","8,032"
2021년01월_여_50~59세,"1,104,508","98,403","24,562","31,471","15,050","27,320","77,985","20,242","18,903","38,840","40,954","50,155","22,054","28,101","75,856","24,866","41,463","7,843","62,509","33,900","28,609","98,906","41,620","28,589","28,697","5,804","18,175","57,466","15,961","41,600","24,625","15,244","21,230","81,412","20,959","33,154","27,299","34,869","16,942","14,763","32,934","53,698","31,199","18,151","13,166","9,563","3,287","5,342","10,137"
2021년01월_여_60~69세,"778,532","61,502","15,735","20,471","11,604","13,692","58,393","17,346","15,569","25,478","29,955","36,177","17,635","18,542","56,533","19,827","28,098","6,803","34,488","18,532","15,956","61,198","29,005","16,391","15,802","3,949","12,341","42,967","10,196","22,532","17,107","10,773","18,293","56,020","15,757","22,105","18,158","25,120","12,816","12,676","25,689","34,728","24,220","14,482","11,301","9,223","3,678","5,888","11,559"
2021년01월_여_70~79세,"419,890","31,393","8,833","9,512","6,638","6,410","31,668","9,407","8,308","13,953","17,610","17,204","8,804","8,400","25,229","9,810","16,153","5,126","16,546","9,455","7,091","35,537","17,347","8,944","9,246","2,122","6,485","24,496","5,484","10,729","8,353","4,835","8,191","35,871","8,653","14,494","12,724","16,144","7,079","7,439","13,820","17,190","11,465","8,781","6,706","5,378","2,759","3,589","6,698"
2021년01월_여_80~89세,"223,094","16,304","4,848","4,940","3,156","3,360","15,764","4,057","3,687","8,020","8,932","9,304","4,506","4,798","13,239","4,972","9,181","2,813","9,700","5,552","4,148","21,242","9,593","5,666","5,983","1,236","3,092","11,684","2,549","6,074","4,890","2,771","3,705","16,397","4,743","6,472","5,182","9,071","4,277","4,908","6,573","9,330","5,189","4,445","4,139","3,360","1,808","2,256","3,889"
2021년01월_여_90~99세,"40,265","3,088",962,917,541,668,"3,127",731,703,"1,693","1,456","1,673",767,906,"2,422",896,"1,520",448,"1,657",961,696,"3,654","1,573","1,073","1,008",303,517,"2,072",412,"1,102",873,571,785,"3,078",913,"1,210",955,"1,562",726,833,"1,171","1,669",988,802,751,644,296,390,779
2021년01월_여_100세 이상,"3,200",240,69,68,73,30,370,154,136,80,184,130,59,71,192,108,163,64,100,53,47,245,157,43,45,43,56,164,30,70,54,34,89,171,68,57,46,139,44,44,55,83,77,52,49,39,29,30,52
2021년02월_계_총인구수,"13,471,758","1,186,273","272,823","368,157","177,307","367,986","938,819","241,217","216,128","481,474","462,619","550,939","238,131","312,808","816,087","296,785","544,085","94,318","655,700","352,962","302,738","1,082,420","479,395","300,850","302,175","67,279","196,685","718,434","230,522","507,681","272,533","163,208","298,005","1,075,918","258,065","440,649","377,204","467,954","218,793","187,488","479,290","859,329","382,835","233,072","147,480","112,129","43,368","62,339","119,371"
2021년02월_계_연령구간인구수,"13,471,758","1,186,273","272,823","368,157","177,307","367,986","938,819","241,217","216,128","481,474","462,619","550,939","238,131","312,808","816,087","296,785","544,085","94,318","655,700","352,962","302,738","1,082,420","479,395","300,850","302,175","67,279","196,685","718,434","230,522","507,681","272,533","163,208","298,005","1,075,918","258,065","440,649","377,204","467,954","218,793","187,488","479,290","859,329","382,835","233,072","147,480","112,129","43,368","62,339","119,371"
2021년02월_계_0~9세,"1,137,876","95,749","17,934","32,052","9,667","36,096","67,946","15,568","13,107","39,271","34,113","39,128","15,168","23,960","56,057","22,786","49,434","6,182","44,039","23,441","20,598","81,729","38,506","20,836","22,387","5,811","14,918","64,909","23,409","49,158","20,195","12,943","30,340","99,798","21,005","42,091","36,702","43,979","18,612","13,872","55,509","103,355","34,737","20,200","8,421","7,327","2,679","3,298","7,243"
2021년02월_계_10~19세,"1,326,417","117,740","28,366","33,260","13,959","42,155","87,251","17,402","16,427","53,422","42,272","52,215","18,634","33,581","69,762","30,285","53,665","8,534","63,492","34,081","29,411","104,562","41,399","29,528","33,635","6,691","17,952","77,651","24,925","50,504","26,290","14,477","25,752","120,875","24,635","50,693","45,547","49,265","21,894","17,885","48,327","97,247","33,575","24,332","12,063","9,511","3,157","4,541","9,725"
2021년02월_계_20~29세,"1,809,124","186,260","43,782","54,212","29,399","58,867","131,574","35,099","31,126","65,349","64,815","77,167","34,108","43,059","116,672","37,829","74,400","11,272","106,565","58,358","48,207","150,484","62,774","44,948","42,762","9,055","27,129","85,255","31,492","70,032","37,985","23,300","36,982","137,900","34,453","56,956","46,491","57,011","30,282","22,661","52,542","105,426","45,160","27,584","17,934","12,223","5,321","6,234","10,578"
2021년02월_계_30~39세,"1,904,371","177,803","32,450","57,652","25,211","62,490","136,321","35,800","31,116","69,405","59,849","76,765","32,632","44,133","114,825","40,640","81,889","10,103","85,640","44,342","41,298","143,359","68,373","38,672","36,314","9,413","26,044","89,494","38,663","78,618","37,853","22,709","50,510","144,241","33,939","58,769","51,533","66,792","30,475","22,946","76,765","150,264","57,249","28,411","14,566","11,454","4,225","5,674","10,811"
2021년02월_계_40~49세,"2,304,741","202,518","44,986","61,652","27,636","68,244","156,564","37,481","32,848","86,235","74,735","87,725","34,868","52,857","128,633","51,148","94,829","14,269","107,852","57,885","49,967","182,012","78,942","51,193","51,877","10,228","32,582","131,180","43,589","91,918","44,062","24,469","52,624","199,996","43,621","83,696","72,679","81,111","34,767","30,275","89,778","165,462","67,085","39,870","20,290","15,999","4,932","7,893","16,346"
2021년02월_계_50~59세,"2,244,792","196,855","49,183","62,085","30,670","54,917","155,843","41,092","38,085","76,666","80,621","97,391","43,134","54,257","147,142","49,548","87,962","16,518","127,981","69,309","58,672","195,429","83,182","56,114","56,133","11,707","35,698","118,134","33,536","88,422","48,049","29,336","42,565","166,394","43,449","67,233","55,712","73,693","35,336","31,530","67,587","116,634","63,865","38,525","29,143","20,159","7,068","11,305","20,816"
2021년02월_계_60~69세,"1,562,484","122,853","31,294","40,818","22,939","27,802","115,128","33,912","31,152","50,064","58,291","72,021","34,932","37,089","112,543","37,904","56,548","13,446","73,297","38,968","34,329","123,886","58,058","33,519","32,309","8,055","24,888","84,710","20,404","48,753","33,990","21,770","35,790","107,954","32,033","41,696","34,225","50,457","26,423","25,815","50,461","71,632","49,091","29,377","24,967","18,897","7,650","12,255","23,228"
2021년02월_계_70~79세,"770,026","56,741","15,809","17,509","11,983","11,440","58,252","17,248","15,402","25,602","31,406","31,858","16,520","15,338","46,919","17,869","28,724","8,790","29,911","16,861","13,050","62,126","30,548","15,657","15,921","3,883","11,759","45,143","9,867","19,708","15,172","9,155","16,459","65,935","16,140","26,386","23,409","28,866","13,123","13,743","25,968","32,333","22,224","16,347","12,449","10,268","5,034","6,841","13,153"
2021년02월_계_80~89세,"354,104","25,385","7,646","7,637","5,013","5,089","25,208","6,420","5,783","13,005","14,344","14,249","7,036","7,213","20,116","7,480","14,348","4,493","14,651","8,393","6,258","33,553","15,270","8,886","9,397","1,992","4,936","19,011","4,082","9,078","7,658","4,260","5,836","28,355","7,515","11,352","9,488","14,461","6,840","7,661","10,718","14,715","8,472","7,299","6,578","5,381","2,844","3,711","6,389"
2021년02월_계_90~99세,"53,410","4,038","1,282","1,183",729,844,"4,222",975,892,"2,355","1,938","2,231","1,007","1,224","3,161","1,152","2,048",625,"2,137","1,252",885,"4,938","2,126","1,432","1,380",390,695,"2,719",515,"1,388","1,205",741,"1,029","4,255","1,192","1,704","1,359","2,119",976,"1,044","1,561","2,140","1,275","1,066",988,854,412,535,"1,013"
2021년02월_계_100세 이상,"4,413",331,91,97,101,42,510,220,190,100,235,189,92,97,257,144,238,86,135,72,63,342,217,65,60,54,84,228,40,102,74,48,118,215,83,73,59,200,65,56,74,121,102,61,81,56,46,52,69
2021년02월_남_총인구수,"6,777,066","597,254","137,348","185,850","89,461","184,595","464,828","122,005","109,410","233,413","227,725","272,392","119,191","153,201","404,763","146,369","281,521","47,005","336,325","180,089","156,236","529,886","236,862","146,365","146,659","33,019","97,601","357,710","119,237","265,172","135,192","81,175","149,595","533,604","132,193","217,511","183,900","237,118","113,156","96,622","240,076","446,168","195,680","118,218","78,036","56,938","22,707","32,128","59,846"
2021년02월_남_연령구간인구수,"6,777,066","597,254","137,348","185,850","89,461","184,595","464,828","122,005","109,410","233,413","227,725","272,392","119,191","153,201","404,763","146,369","281,521","47,005","336,325","180,089","156,236","529,886","236,862","146,365","146,659","33,019","97,601","357,710","119,237","265,172","135,192","81,175","149,595","533,604","132,193","217,511","183,900","237,118","113,156","96,622","240,076","446,168","195,680","118,218","78,036","56,938","22,707","32,128","59,846"
2021년02월_남_0~9세,"582,577","49,401","9,244","16,511","4,931","18,715","34,774","7,876","6,718","20,180","17,611","19,900","7,675","12,225","28,812","11,672","25,188","3,187","22,436","11,897","10,539","41,700","19,646","10,644","11,410","3,020","7,706","33,395","11,903","25,031","10,323","6,717","15,546","51,035","10,730","21,592","18,713","22,454","9,629","7,122","28,279","52,783","17,853","10,287","4,331","3,765","1,373","1,647","3,697"
2021년02월_남_10~19세,"681,663","60,900","14,789","17,290","7,163","21,658","44,727","8,903","8,499","27,325","21,806","27,103","9,716","17,387","35,778","15,549","27,686","4,306","32,683","17,456","15,227","53,581","21,183","15,266","17,132","3,446","9,266","39,894","12,712","25,950","13,571","7,431","13,090","61,966","12,772","26,006","23,188","25,337","11,350","9,300","24,625","49,682","17,151","12,365","6,313","4,901","1,668","2,402","5,124"
2021년02월_남_20~29세,"952,514","98,121","23,952","28,342","15,242","30,585","67,450","18,477","16,090","32,883","32,823","40,014","17,823","22,191","60,227","19,795","40,871","6,132","56,751","31,136","25,615","77,057","32,453","22,645","21,959","4,759","13,948","44,447","17,014","38,037","19,873","12,275","18,765","71,467","18,673","29,510","23,284","30,191","17,159","12,479","27,076","57,087","23,945","14,809","10,399","6,701","3,382","3,593","5,867"
2021년02월_남_30~39세,"981,717","92,406","16,956","30,086","13,695","31,669","69,278","19,132","16,742","33,404","30,582","39,473","17,280","22,193","58,998","20,567","44,623","5,223","46,745","24,083","22,662","71,083","34,439","18,873","17,771","4,724","13,094","44,136","20,896","42,009","19,622","11,693","25,615","71,184","18,030","28,755","24,399","35,318","16,345","12,560","37,704","78,247","29,817","14,670","8,121","6,038","2,398","3,083","5,465"
2021년02월_남_40~49세,"1,171,899","102,133","22,262","31,924","14,343","33,604","77,309","19,825","17,286","40,198","37,519","42,994","17,843","25,151","64,835","25,279","50,529","7,380","55,174","29,426","25,748","88,081","39,573","24,262","24,246","4,928","16,289","65,789","23,139","49,441","21,717","12,062","27,586","98,769","22,944","41,021","34,804","41,557","17,970","16,162","46,736","88,194","35,439","20,498","10,907","8,260","2,706","4,241","8,276"
2021년02월_남_50~59세,"1,137,406","98,229","24,627","30,564","15,552","27,486","77,844","20,913","19,237","37,694","39,607","47,269","21,162","26,107","71,374","24,660","46,254","8,672","65,407","35,355","30,052","96,223","41,439","27,424","27,360","5,672","17,575","60,325","17,518","46,596","23,463","14,132","21,190","84,613","22,421","33,944","28,248","38,565","18,388","16,709","34,508","62,752","32,592","20,219","16,019","10,563","3,793","5,970","10,705"
2021년02월_남_60~69세,"776,618","60,757","15,427","20,185","11,193","13,952","56,351","16,425","15,479","24,447","28,117","35,531","17,209","18,322","55,528","18,017","28,148","6,584","38,377","20,226","18,151","62,080","28,758","16,956","16,366","3,930","12,425","41,281","10,081","25,886","16,729","10,890","17,278","51,585","16,135","19,513","15,937","25,100","13,490","13,039","24,562","36,513","24,607","14,763","13,504","9,620","3,953","6,342","11,550"
2021년02월_남_70~79세,"349,722","25,360","6,989","8,012","5,312","5,047","26,490","7,816","7,069","11,605","13,821","14,637","7,710","6,927","21,657","8,051","12,551","3,668","13,416","7,427","5,989","26,587","13,182","6,742","6,663","1,714","5,277","20,592","4,364","8,968","6,824","4,316","8,196","29,982","7,463","11,863","10,656","12,697","6,040","6,290","12,145","15,134","10,741","7,567","5,776","4,877","2,283","3,250","6,451"
2021년02월_남_80~89세,"128,993","8,932","2,758","2,649","1,823","1,702","9,407","2,340","2,057","5,010","5,330","4,885","2,511","2,374","6,766","2,486","5,081","1,657","4,840","2,785","2,055","12,139","5,588","3,176","3,375",727,"1,812","7,168","1,494","2,947","2,720","1,478","2,068","11,821","2,744","4,806","4,271","5,294","2,526","2,738","4,048","5,299","3,225","2,785","2,402","1,997","1,023","1,434","2,464"
2021년02월_남_90~99세,"12,768",928,322,258,180,168,"1,057",232,181,644,458,531,231,300,725,258,516,174,463,281,182,"1,260",543,355,362,88,182,621,104,278,329,168,231,"1,140",266,483,391,545,239,212,374,441,283,243,233,199,111,145,232
2021년02월_남_100세 이상,"1,189",87,22,29,27,9,141,66,52,23,51,55,31,24,63,35,74,22,33,17,16,95,58,22,15,11,27,62,12,29,21,13,30,42,15,18,9,60,20,11,19,36,27,12,31,17,17,21,15
2021년02월_여_총인구수,"6,694,692","589,019","135,475","182,307","87,846","183,391","473,991","119,212","106,718","248,061","234,894","278,547","118,940","159,607","411,324","150,416","262,564","47,313","319,375","172,873","146,502","552,534","242,533","154,485","155,516","34,260","99,084","360,724","111,285","242,509","137,341","82,033","148,410","542,314","125,872","223,138","193,304","230,836","105,637","90,866","239,214","413,161","187,155","114,854","69,444","55,191","20,661","30,211","59,525"
2021년02월_여_연령구간인구수,"6,694,692","589,019","135,475","182,307","87,846","183,391","473,991","119,212","106,718","248,061","234,894","278,547","118,940","159,607","411,324","150,416","262,564","47,313","319,375","172,873","146,502","552,534","242,533","154,485","155,516","34,260","99,084","360,724","111,285","242,509","137,341","82,033","148,410","542,314","125,872","223,138","193,304","230,836","105,637","90,866","239,214","413,161","187,155","114,854","69,444","55,191","20,661","30,211","59,525"
2021년02월_여_0~9세,"555,299","46,348","8,690","15,541","4,736","17,381","33,172","7,692","6,389","19,091","16,502","19,228","7,493","11,735","27,245","11,114","24,246","2,995","21,603","11,544","10,059","40,029","18,860","10,192","10,977","2,791","7,212","31,514","11,506","24,127","9,872","6,226","14,794","48,763","10,275","20,499","17,989","21,525","8,983","6,750","27,230","50,572","16,884","9,913","4,090","3,562","1,306","1,651","3,546"
2021년02월_여_10~19세,"644,754","56,840","13,577","15,970","6,796","20,497","42,524","8,499","7,928","26,097","20,466","25,112","8,918","16,194","33,984","14,736","25,979","4,228","30,809","16,625","14,184","50,981","20,216","14,262","16,503","3,245","8,686","37,757","12,213","24,554","12,719","7,046","12,662","58,909","11,863","24,687","22,359","23,928","10,544","8,585","23,702","47,565","16,424","11,967","5,750","4,610","1,489","2,139","4,601"
2021년02월_여_20~29세,"856,610","88,139","19,830","25,870","14,157","28,282","64,124","16,622","15,036","32,466","31,992","37,153","16,285","20,868","56,445","18,034","33,529","5,140","49,814","27,222","22,592","73,427","30,321","22,303","20,803","4,296","13,181","40,808","14,478","31,995","18,112","11,025","18,217","66,433","15,780","27,446","23,207","26,820","13,123","10,182","25,466","48,339","21,215","12,775","7,535","5,522","1,939","2,641","4,711"
2021년02월_여_30~39세,"922,654","85,397","15,494","27,566","11,516","30,821","67,043","16,668","14,374","36,001","29,267","37,292","15,352","21,940","55,827","20,073","37,266","4,880","38,895","20,259","18,636","72,276","33,934","19,799","18,543","4,689","12,950","45,358","17,767","36,609","18,231","11,016","24,895","73,057","15,909","30,014","27,134","31,474","14,130","10,386","39,061","72,017","27,432","13,741","6,445","5,416","1,827","2,591","5,346"
2021년02월_여_40~49세,"1,132,842","100,385","22,724","29,728","13,293","34,640","79,255","17,656","15,562","46,037","37,216","44,731","17,025","27,706","63,798","25,869","44,300","6,889","52,678","28,459","24,219","93,931","39,369","26,931","27,631","5,300","16,293","65,391","20,450","42,477","22,345","12,407","25,038","101,227","20,677","42,675","37,875","39,554","16,797","14,113","43,042","77,268","31,646","19,372","9,383","7,739","2,226","3,652","8,070"
2021년02월_여_50~59세,"1,107,386","98,626","24,556","31,521","15,118","27,431","77,999","20,179","18,848","38,972","41,014","50,122","21,972","28,150","75,768","24,888","41,708","7,846","62,574","33,954","28,620","99,206","41,743","28,690","28,773","6,035","18,123","57,809","16,018","41,826","24,586","15,204","21,375","81,781","21,028","33,289","27,464","35,128","16,948","14,821","33,079","53,882","31,273","18,306","13,124","9,596","3,275","5,335","10,111"
2021년02월_여_60~69세,"785,866","62,096","15,867","20,633","11,746","13,850","58,777","17,487","15,673","25,617","30,174","36,490","17,723","18,767","57,015","19,887","28,400","6,862","34,920","18,742","16,178","61,806","29,300","16,563","15,943","4,125","12,463","43,429","10,323","22,867","17,261","10,880","18,512","56,369","15,898","22,183","18,288","25,357","12,933","12,776","25,899","35,119","24,484","14,614","11,463","9,277","3,697","5,913","11,678"
2021년02월_여_70~79세,"420,304","31,381","8,820","9,497","6,671","6,393","31,762","9,432","8,333","13,997","17,585","17,221","8,810","8,411","25,262","9,818","16,173","5,122","16,495","9,434","7,061","35,539","17,366","8,915","9,258","2,169","6,482","24,551","5,503","10,740","8,348","4,839","8,263","35,953","8,677","14,523","12,753","16,169","7,083","7,453","13,823","17,199","11,483","8,780","6,673","5,391","2,751","3,591","6,702"
2021년02월_여_80~89세,"225,111","16,453","4,888","4,988","3,190","3,387","15,801","4,080","3,726","7,995","9,014","9,364","4,525","4,839","13,350","4,994","9,267","2,836","9,811","5,608","4,203","21,414","9,682","5,710","6,022","1,265","3,124","11,843","2,588","6,131","4,938","2,782","3,768","16,534","4,771","6,546","5,217","9,167","4,314","4,923","6,670","9,416","5,247","4,514","4,176","3,384","1,821","2,277","3,925"
2021년02월_여_90~99세,"40,642","3,110",960,925,549,676,"3,165",743,711,"1,711","1,480","1,700",776,924,"2,436",894,"1,532",451,"1,674",971,703,"3,678","1,583","1,077","1,018",302,513,"2,098",411,"1,110",876,573,798,"3,115",926,"1,221",968,"1,574",737,832,"1,187","1,699",992,823,755,655,301,390,781
2021년02월_여_100세 이상,"3,224",244,69,68,74,33,369,154,138,77,184,134,61,73,194,109,164,64,102,55,47,247,159,43,45,43,57,166,28,73,53,35,88,173,68,55,50,140,45,45,55,85,75,49,50,39,29,31,54
2021년03월_계_총인구수,"13,465,837","1,185,984","271,918","366,553","180,743","366,770","934,308","238,984","215,336","479,988","461,143","551,136","237,879","313,257","813,178","295,750","544,368","93,351","655,859","353,508","302,351","1,080,845","479,323","300,350","301,172","68,399","195,804","720,282","230,604","509,115","271,392","162,443","300,187","1,075,421","258,130","440,164","377,127","468,501","218,565","187,540","480,275","860,865","383,052","234,181","147,014","111,903","43,063","62,049","119,260"
2021년03월_계_연령구간인구수,"13,465,837","1,185,984","271,918","366,553","180,743","366,770","934,308","238,984","215,336","479,988","461,143","551,136","237,879","313,257","813,178","295,750","544,368","93,351","655,859","353,508","302,351","1,080,845","479,323","300,350","301,172","68,399","195,804","720,282","230,604","509,115","271,392","162,443","300,187","1,075,421","258,130","440,164","377,127","468,501","218,565","187,540","480,275","860,865","383,052","234,181","147,014","111,903","43,063","62,049","119,260"
2021년03월_계_0~9세,"1,134,030","95,345","17,736","31,681","10,247","35,681","67,599","15,427","13,102","39,070","33,963","39,186","15,187","23,999","55,709","22,618","49,471","6,125","43,822","23,338","20,484","81,455","38,523","20,712","22,220","5,890","14,752","64,864","23,226","49,124","19,996","12,888","30,539","99,274","20,967","41,852","36,455","43,855","18,515","13,796","55,429","103,000","34,518","20,241","8,343","7,306","2,655","3,291","7,235"
2021년03월_계_10~19세,"1,325,112","117,788","28,483","33,140","14,144","42,021","86,844","17,285","16,390","53,169","42,135","52,059","18,575","33,484","69,442","30,138","53,668","8,490","63,489","34,278","29,211","103,975","41,307","29,329","33,339","6,722","17,891","77,688","24,947","50,509","26,148","14,393","26,000","120,661","24,645","50,505","45,511","49,305","21,956","17,926","48,432","97,518","33,771","24,407","11,999","9,477","3,123","4,522","9,689"
2021년03월_계_20~29세,"1,811,928","186,757","43,937","54,026","29,951","58,843","131,115","34,975","31,040","65,100","64,877","77,206","34,098","43,108","116,325","37,773","74,995","11,185","107,137","58,908","48,229","150,167","62,755","44,905","42,507","9,201","27,042","85,568","31,546","70,166","37,870","23,187","37,340","138,150","34,491","57,075","46,584","57,294","30,300","22,743","52,833","106,084","45,155","27,678","17,919","12,193","5,325","6,220","10,577"
2021년03월_계_30~39세,"1,902,623","177,670","32,202","57,280","26,218","61,970","135,757","35,463","31,205","69,089","59,663","77,261","32,727","44,534","114,266","40,515","82,252","10,053","85,490","44,240","41,250","143,290","68,428","38,654","36,208","9,604","25,820","89,817","38,603","78,787","37,620","22,644","50,838","143,848","33,928","58,493","51,427","66,892","30,378","22,891","76,700","149,877","57,009","28,594","14,523","11,398","4,176","5,628","10,759"
2021년03월_계_40~49세,"2,298,082","201,650","44,576","61,192","27,977","67,905","155,458","37,099","32,669","85,690","74,309","87,440","34,699","52,741","127,856","50,813","94,681","14,079","107,179","57,544","49,635","181,155","78,762","50,948","51,445","10,330","32,428","131,124","43,592","91,950","43,795","24,241","53,013","199,206","43,478","83,226","72,502","81,012","34,666","30,150","90,022","165,873","67,082","40,017","20,104","15,894","4,863","7,813","16,287"
2021년03월_계_50~59세,"2,241,613","196,496","48,786","61,860","31,003","54,847","154,987","40,636","37,845","76,506","80,292","97,080","42,957","54,123","146,293","49,406","87,790","16,326","127,722","69,157","58,565","195,166","83,160","55,949","56,057","11,918","35,485","118,456","33,504","88,589","47,807","29,177","42,875","166,732","43,434","67,400","55,898","73,925","35,186","31,452","67,621","116,791","63,845","38,658","28,995","20,079","6,998","11,234","20,728"
2021년03월_계_60~69세,"1,574,976","124,098","31,515","41,094","23,408","28,081","115,374","33,761","31,209","50,404","58,388","72,582","35,084","37,498","113,243","38,056","56,705","13,375","74,188","39,438","34,750","124,986","58,562","33,828","32,596","8,349","25,049","85,661","20,661","49,553","34,137","21,808","36,155","108,765","32,352","42,010","34,403","50,843","26,686","26,110","50,872","72,461","49,532","29,732","25,191","19,076","7,657","12,284","23,399"
2021년03월_계_70~79세,"767,454","56,525","15,717","17,433","11,975","11,400","57,793","17,032","15,253","25,508","31,148","31,803","16,496","15,307","46,702","17,782","28,458","8,653","29,898","16,859","13,039","61,861","30,350","15,621","15,890","3,931","11,667","45,120","9,871","19,725","15,105","9,109","16,478","65,843","16,084","26,396","23,363","28,721","13,059","13,721","25,999","32,284","22,297","16,375","12,356","10,220","5,011","6,810","13,129"
2021년03월_계_80~89세,"355,003","25,500","7,649","7,650","5,062","5,139","25,081","6,325","5,751","13,005","14,342","14,254","7,042","7,212","20,100","7,492","14,300","4,458","14,705","8,439","6,266","33,687","15,304","8,926","9,457","2,022","4,949","19,150","4,114","9,192","7,675","4,243","5,856","28,543","7,522","11,449","9,572","14,504","6,836","7,668","10,746","14,771","8,534","7,362","6,599","5,383","2,828","3,696","6,413"
2021년03월_계_90~99세,"52,598","3,958","1,255","1,146",713,844,"4,090",906,813,"2,371","1,899","2,166",964,"1,202","3,098","1,105","1,951",580,"2,136","1,254",882,"4,917","2,078","1,433","1,406",395,667,"2,702",509,"1,417","1,198",729,"1,031","4,249","1,185","1,693","1,371","2,066",950,"1,044","1,568","2,123","1,255","1,070",950,850,404,518,"1,003"
2021년03월_계_100세 이상,"2,418",197,62,51,45,39,210,75,59,76,127,99,50,49,144,52,97,27,93,53,40,186,94,45,47,37,54,132,31,103,41,24,62,150,44,65,41,84,33,39,53,83,54,47,35,27,23,33,41
2021년03월_남_총인구수,"6,776,866","597,390","137,079","185,162","91,240","183,909","462,773","120,965","109,074","232,734","227,191","272,569","119,096","153,473","403,374","145,897","282,242","46,621","336,542","180,441","156,101","529,227","236,865","146,157","146,205","33,581","97,184","358,682","119,343","265,947","134,603","80,839","150,678","533,356","132,245","217,273","183,838","237,528","113,087","96,711","240,514","447,092","195,851","118,821","77,942","56,842","22,577","32,009","59,853"
2021년03월_남_연령구간인구수,"6,776,866","597,390","137,079","185,162","91,240","183,909","462,773","120,965","109,074","232,734","227,191","272,569","119,096","153,473","403,374","145,897","282,242","46,621","336,542","180,441","156,101","529,227","236,865","146,157","146,205","33,581","97,184","358,682","119,343","265,947","134,603","80,839","150,678","533,356","132,245","217,273","183,838","237,528","113,087","96,711","240,514","447,092","195,851","118,821","77,942","56,842","22,577","32,009","59,853"
2021년03월_남_0~9세,"580,656","49,202","9,147","16,322","5,226","18,507","34,573","7,806","6,717","20,050","17,530","19,915","7,677","12,238","28,647","11,571","25,170","3,163","22,352","11,851","10,501","41,612","19,681","10,595","11,336","3,064","7,600","33,388","11,827","25,009","10,222","6,692","15,658","50,761","10,697","21,492","18,572","22,408","9,583","7,094","28,198","52,598","17,755","10,322","4,297","3,754","1,349","1,651","3,691"
2021년03월_남_10~19세,"681,134","60,988","14,945","17,224","7,230","21,589","44,550","8,849","8,460","27,241","21,766","27,000","9,688","17,312","35,611","15,495","27,691","4,274","32,693","17,563","15,130","53,223","21,103","15,155","16,965","3,470","9,256","39,900","12,729","25,973","13,517","7,398","13,198","61,825","12,755","25,927","23,143","25,330","11,387","9,320","24,722","49,813","17,267","12,428","6,288","4,874","1,655","2,385","5,108"
2021년03월_남_20~29세,"954,223","98,404","24,073","28,280","15,509","30,542","67,166","18,384","16,059","32,723","32,835","40,019","17,815","22,204","60,003","19,761","41,253","6,093","57,077","31,461","25,616","76,955","32,476","22,631","21,848","4,835","13,902","44,587","17,043","38,135","19,767","12,216","18,933","71,627","18,709","29,559","23,359","30,404","17,147","12,547","27,181","57,574","23,983","14,848","10,399","6,683","3,377","3,591","5,878"
2021년03월_남_30~39세,"981,307","92,437","16,856","29,957","14,227","31,397","69,070","18,952","16,785","33,333","30,466","39,751","17,316","22,435","58,805","20,519","44,836","5,198","46,678","24,009","22,669","71,099","34,476","18,884","17,739","4,809","13,026","44,317","20,875","42,111","19,517","11,675","25,749","71,049","18,039","28,640","24,370","35,347","16,320","12,520","37,635","78,057","29,690","14,749","8,119","6,001","2,385","3,059","5,438"
2021년03월_남_40~49세,"1,169,016","101,710","22,075","31,701","14,499","33,435","76,761","19,644","17,222","39,895","37,360","42,918","17,789","25,129","64,449","25,090","50,568","7,287","54,876","29,279","25,597","87,711","39,469","24,169","24,073","4,995","16,185","65,762","23,155","49,482","21,614","11,998","27,779","98,334","22,894","40,740","34,700","41,485","17,930","16,113","46,856","88,391","35,417","20,613","10,818","8,217","2,669","4,205","8,268"
2021년03월_남_50~59세,"1,136,118","98,074","24,418","30,468","15,744","27,444","77,475","20,700","19,143","37,632","39,446","47,157","21,100","26,057","70,956","24,601","46,245","8,589","65,241","35,258","29,983","96,054","41,453","27,299","27,302","5,751","17,478","60,460","17,517","46,626","23,327","14,050","21,371","84,780","22,405","34,041","28,334","38,709","18,329","16,690","34,553","62,862","32,600","20,297","15,981","10,518","3,762","5,961","10,658"
2021년03월_남_60~69세,"783,261","61,355","15,534","20,318","11,444","14,059","56,487","16,375","15,495","24,617","28,275","35,749","17,264","18,485","55,855","18,090","28,439","6,591","38,846","20,475","18,371","62,587","28,969","17,109","16,509","4,065","12,478","41,783","10,229","26,319","16,783","10,883","17,463","52,022","16,303","19,687","16,032","25,338","13,641","13,202","24,775","36,944","24,812","14,923","13,637","9,718","3,973","6,353","11,646"
2021년03월_남_70~79세,"348,918","25,305","6,938","7,986","5,342","5,039","26,297","7,740","7,002","11,555","13,725","14,624","7,709","6,915","21,562","8,017","12,484","3,636","13,444","7,452","5,992","26,515","13,124","6,740","6,651","1,751","5,236","20,602","4,352","8,986","6,802","4,287","8,219","29,899","7,436","11,843","10,620","12,656","6,009","6,277","12,147","15,104","10,775","7,608","5,750","4,886","2,281","3,234","6,448"
2021년03월_남_80~89세,"129,226","8,969","2,767","2,642","1,835","1,725","9,327","2,284","2,025","5,018","5,322","4,903","2,512","2,391","6,736","2,500","5,062","1,630","4,855","2,796","2,059","12,181","5,579","3,206","3,396",741,"1,833","7,230","1,506","2,993","2,724","1,473","2,062","11,900","2,738","4,855","4,307","5,303","2,511","2,734","4,063","5,300","3,264","2,793","2,415","1,991","1,007","1,421","2,477"
2021년03월_남_90~99세,"12,419",900,313,251,172,164,"1,014",207,155,652,439,507,212,295,712,242,466,157,459,285,174,"1,241",512,353,376,91,171,623,101,284,321,164,231,"1,133",260,476,397,527,222,208,370,431,277,230,224,193,112,138,231
2021년03월_남_100세 이상,588,46,13,13,12,8,53,24,11,18,27,26,14,12,38,11,28,3,21,12,9,49,23,16,10,9,19,30,9,29,9,3,15,26,9,13,4,21,8,6,14,18,11,10,14,7,7,11,10
2021년03월_여_총인구수,"6,688,971","588,594","134,839","181,391","89,503","182,861","471,535","118,019","106,262","247,254","233,952","278,567","118,783","159,784","409,804","149,853","262,126","46,730","319,317","173,067","146,250","551,618","242,458","154,193","154,967","34,818","98,620","361,600","111,261","243,168","136,789","81,604","149,509","542,065","125,885","222,891","193,289","230,973","105,478","90,829","239,761","413,773","187,201","115,360","69,072","55,061","20,486","30,040","59,407"
2021년03월_여_연령구간인구수,"6,688,971","588,594","134,839","181,391","89,503","182,861","471,535","118,019","106,262","247,254","233,952","278,567","118,783","159,784","409,804","149,853","262,126","46,730","319,317","173,067","146,250","551,618","242,458","154,193","154,967","34,818","98,620","361,600","111,261","243,168","136,789","81,604","149,509","542,065","125,885","222,891","193,289","230,973","105,478","90,829","239,761","413,773","187,201","115,360","69,072","55,061","20,486","30,040","59,407"
2021년03월_여_0~9세,"553,374","46,143","8,589","15,359","5,021","17,174","33,026","7,621","6,385","19,020","16,433","19,271","7,510","11,761","27,062","11,047","24,301","2,962","21,470","11,487","9,983","39,843","18,842","10,117","10,884","2,826","7,152","31,476","11,399","24,115","9,774","6,196","14,881","48,513","10,270","20,360","17,883","21,447","8,932","6,702","27,231","50,402","16,763","9,919","4,046","3,552","1,306","1,640","3,544"
2021년03월_여_10~19세,"643,978","56,800","13,538","15,916","6,914","20,432","42,294","8,436","7,930","25,928","20,369","25,059","8,887","16,172","33,831","14,643","25,977","4,216","30,796","16,715","14,081","50,752","20,204","14,174","16,374","3,252","8,635","37,788","12,218","24,536","12,631","6,995","12,802","58,836","11,890","24,578","22,368","23,975","10,569","8,606","23,710","47,705","16,504","11,979","5,711","4,603","1,468","2,137","4,581"
2021년03월_여_20~29세,"857,705","88,353","19,864","25,746","14,442","28,301","63,949","16,591","14,981","32,377","32,042","37,187","16,283","20,904","56,322","18,012","33,742","5,092","50,060","27,447","22,613","73,212","30,279","22,274","20,659","4,366","13,140","40,981","14,503","32,031","18,103","10,971","18,407","66,523","15,782","27,516","23,225","26,890","13,153","10,196","25,652","48,510","21,172","12,830","7,520","5,510","1,948","2,629","4,699"
2021년03월_여_30~39세,"921,316","85,233","15,346","27,323","11,991","30,573","66,687","16,511","14,420","35,756","29,197","37,510","15,411","22,099","55,461","19,996","37,416","4,855","38,812","20,231","18,581","72,191","33,952","19,770","18,469","4,795","12,794","45,500","17,728","36,676","18,103","10,969","25,089","72,799","15,889","29,853","27,057","31,545","14,058","10,371","39,065","71,820","27,319","13,845","6,404","5,397","1,791","2,569","5,321"
2021년03월_여_40~49세,"1,129,066","99,940","22,501","29,491","13,478","34,470","78,697","17,455","15,447","45,795","36,949","44,522","16,910","27,612","63,407","25,723","44,113","6,792","52,303","28,265","24,038","93,444","39,293","26,779","27,372","5,335","16,243","65,362","20,437","42,468","22,181","12,243","25,234","100,872","20,584","42,486","37,802","39,527","16,736","14,037","43,166","77,482","31,665","19,404","9,286","7,677","2,194","3,608","8,019"
2021년03월_여_50~59세,"1,105,495","98,422","24,368","31,392","15,259","27,403","77,512","19,936","18,702","38,874","40,846","49,923","21,857","28,066","75,337","24,805","41,545","7,737","62,481","33,899","28,582","99,112","41,707","28,650","28,755","6,167","18,007","57,996","15,987","41,963","24,480","15,127","21,504","81,952","21,029","33,359","27,564","35,216","16,857","14,762","33,068","53,929","31,245","18,361","13,014","9,561","3,236","5,273","10,070"
2021년03월_여_60~69세,"791,715","62,743","15,981","20,776","11,964","14,022","58,887","17,386","15,714","25,787","30,113","36,833","17,820","19,013","57,388","19,966","28,266","6,784","35,342","18,963","16,379","62,399","29,593","16,719","16,087","4,284","12,571","43,878","10,432","23,234","17,354","10,925","18,692","56,743","16,049","22,323","18,371","25,505","13,045","12,908","26,097","35,517","24,720","14,809","11,554","9,358","3,684","5,931","11,753"
2021년03월_여_70~79세,"418,536","31,220","8,779","9,447","6,633","6,361","31,496","9,292","8,251","13,953","17,423","17,179","8,787","8,392","25,140","9,765","15,974","5,017","16,454","9,407","7,047","35,346","17,226","8,881","9,239","2,180","6,431","24,518","5,519","10,739","8,303","4,822","8,259","35,944","8,648","14,553","12,743","16,065","7,050","7,444","13,852","17,180","11,522","8,767","6,606","5,334","2,730","3,576","6,681"
2021년03월_여_80~89세,"225,777","16,531","4,882","5,008","3,227","3,414","15,754","4,041","3,726","7,987","9,020","9,351","4,530","4,821","13,364","4,992","9,238","2,828","9,850","5,643","4,207","21,506","9,725","5,720","6,061","1,281","3,116","11,920","2,608","6,199","4,951","2,770","3,794","16,643","4,784","6,594","5,265","9,201","4,325","4,934","6,683","9,471","5,270","4,569","4,184","3,392","1,821","2,275","3,936"
2021년03월_여_90~99세,"40,179","3,058",942,895,541,680,"3,076",699,658,"1,719","1,460","1,659",752,907,"2,386",863,"1,485",423,"1,677",969,708,"3,676","1,566","1,080","1,030",304,496,"2,079",408,"1,133",877,565,800,"3,116",925,"1,217",974,"1,539",728,836,"1,198","1,692",978,840,726,657,292,380,772
2021년03월_여_100세 이상,"1,830",151,49,38,33,31,157,51,48,58,100,73,36,37,106,41,69,24,72,41,31,137,71,29,37,28,35,102,22,74,32,21,47,124,35,52,37,63,25,33,39,65,43,37,21,20,16,22,31
2021년04월_계_총인구수,"13,479,798","1,185,532","271,170","365,778","182,377","366,207","932,867","238,336","215,314","479,217","461,077","551,189","238,231","312,958","812,158","295,690","546,154","93,289","655,816","353,702","302,114","1,080,736","479,828","300,407","300,501","68,955","195,324","721,767","230,769","510,098","271,007","162,227","301,801","1,076,773","259,445","439,922","377,406","470,096","219,224","188,038","481,719","864,687","383,794","234,990","147,317","111,913","43,080","62,206","119,505"
2021년04월_계_연령구간인구수,"13,479,798","1,185,532","271,170","365,778","182,377","366,207","932,867","238,336","215,314","479,217","461,077","551,189","238,231","312,958","812,158","295,690","546,154","93,289","655,816","353,702","302,114","1,080,736","479,828","300,407","300,501","68,955","195,324","721,767","230,769","510,098","271,007","162,227","301,801","1,076,773","259,445","439,922","377,406","470,096","219,224","188,038","481,719","864,687","383,794","234,990","147,317","111,913","43,080","62,206","119,505"
2021년04월_계_0~9세,"1,130,520","94,805","17,609","31,392","10,361","35,443","67,266","15,358","13,082","38,826","33,807","39,104","15,164","23,940","55,482","22,515","49,475","6,057","43,627","23,198","20,429","81,222","38,448","20,696","22,078","5,934","14,674","64,690","23,065","49,119","19,818","12,849","30,550","98,828","20,867","41,611","36,350","43,744","18,422","13,707","55,329","103,071","34,362","20,264","8,326","7,260","2,648","3,282","7,218"
2021년04월_계_10~19세,"1,325,369","117,430","28,305","33,028","14,203","41,894","86,510","17,180","16,324","53,006","41,978","51,860","18,501","33,359","69,159","30,115","53,687","8,511","63,337","34,279","29,058","103,680","41,295","29,204","33,181","6,736","17,799","77,742","24,925","50,411","26,043","14,285","26,183","121,383","25,498","50,442","45,443","49,431","22,216","18,076","48,622","97,937","34,124","24,408","11,982","9,442","3,119","4,561","9,677"
2021년04월_계_20~29세,"1,812,656","186,516","43,729","53,874","30,218","58,695","130,689","34,842","30,977","64,870","64,810","77,171","34,202","42,969","115,879","37,730","75,437","11,157","107,254","59,062","48,192","149,697","62,636","44,758","42,303","9,278","26,947","85,727","31,646","70,298","37,777","23,148","37,539","138,229","34,618","56,935","46,676","57,651","30,399","22,805","53,041","106,675","45,153","27,806","17,932","12,166","5,296","6,213","10,590"
2021년04월_계_30~39세,"1,901,856","177,506","32,149","56,995","26,591","61,771","135,421","35,391","31,205","68,825","59,618","77,390","32,830","44,560","114,038","40,448","82,548","9,993","85,313","44,134","41,179","143,232","68,497","38,625","36,110","9,691","25,635","89,842","38,464","78,769","37,519","22,571","50,942","143,621","33,932","58,322","51,367","67,016","30,408","22,887","76,664","150,419","56,776","28,629","14,582","11,371","4,156","5,602","10,785"
2021년04월_계_40~49세,"2,298,715","201,444","44,353","61,108","28,136","67,847","155,085","36,958","32,661","85,466","74,164","87,348","34,691","52,657","127,571","50,775","94,930","14,050","106,839","57,359","49,480","180,894","78,854","50,887","51,153","10,388","32,331","131,232","43,628","92,133","43,680","24,184","53,384","199,023","43,492","83,102","72,429","81,282","34,733","30,221","90,428","166,670","67,231","40,115","20,095","15,855","4,870","7,848","16,284"
2021년04월_계_50~59세,"2,242,984","196,348","48,647","61,656","31,205","54,840","154,722","40,467","37,757","76,498","80,276","96,883","42,909","53,974","145,892","49,310","87,997","16,338","127,664","69,160","58,504","195,280","83,215","56,071","55,994","12,021","35,364","118,804","33,634","88,712","47,717","29,105","43,182","167,107","43,455","67,537","56,115","74,234","35,129","31,500","67,795","117,230","63,956","38,764","29,012","20,063","7,004","11,213","20,728"
2021년04월_계_60~69세,"1,587,742","125,117","31,703","41,424","23,721","28,269","116,031","33,903","31,396","50,732","58,778","73,052","35,303","37,749","113,955","38,332","57,217","13,466","74,862","39,823","35,039","125,985","59,022","34,102","32,861","8,464","25,252","86,377","20,809","50,081","34,409","21,985","36,509","109,529","32,668","42,300","34,561","51,267","26,978","26,342","51,319","73,311","49,924","30,058","25,405","19,233","7,707","12,410","23,578"
2021년04월_계_70~79세,"767,606","56,593","15,698","17,435","12,064","11,396","57,641","16,935","15,248","25,458","31,165","31,808","16,530","15,278","46,738","17,764","28,435","8,617","29,897","16,870","13,027","61,795","30,338","15,595","15,862","3,967","11,629","45,207","9,906","19,781","15,103","9,082","16,511","65,851","16,110","26,375","23,366","28,724","13,059","13,696","26,081","32,290","22,333","16,415","12,357","10,213","5,002","6,791","13,155"
2021년04월_계_80~89세,"357,086","25,609","7,661","7,660","5,127","5,161","25,187","6,354","5,776","13,057","14,451","14,289","7,073","7,216","20,174","7,543","14,393","4,491","14,772","8,498","6,274","33,821","15,327","8,985","9,509","2,044","4,982","19,294","4,144","9,269","7,703","4,264","5,905","28,764","7,570","11,516","9,678","14,590","6,902","7,713","10,812","14,874","8,614","7,406","6,635","5,426","2,845","3,726","6,444"
2021년04월_계_90~99세,"52,864","3,965","1,255","1,154",706,850,"4,118",889,827,"2,402","1,902","2,181",976,"1,205","3,122","1,105","1,944",582,"2,160","1,269",891,"4,948","2,103","1,439","1,406",395,659,"2,722",517,"1,422","1,197",729,"1,036","4,285","1,191","1,716","1,378","2,081",944,"1,053","1,578","2,130","1,267","1,074",955,856,409,524,"1,004"
2021년04월_계_100세 이상,"2,400",199,61,52,45,41,197,59,61,77,128,103,52,51,148,53,91,27,91,50,41,182,93,45,44,37,52,130,31,103,41,25,60,153,44,66,43,76,34,38,50,80,54,51,36,28,24,36,42
2021년04월_남_총인구수,"6,784,466","597,136","136,718","184,768","92,024","183,626","462,086","120,625","109,100","232,361","227,112","272,626","119,297","153,329","402,851","145,859","283,450","46,610","336,479","180,526","155,953","529,062","237,074","146,147","145,841","33,846","96,900","359,354","119,513","266,410","134,427","80,714","151,429","534,238","133,193","217,098","183,947","238,389","113,538","97,025","241,239","449,184","196,185","119,207","78,102","56,882","22,552","32,080","59,981"
2021년04월_남_연령구간인구수,"6,784,466","597,136","136,718","184,768","92,024","183,626","462,086","120,625","109,100","232,361","227,112","272,626","119,297","153,329","402,851","145,859","283,450","46,610","336,479","180,526","155,953","529,062","237,074","146,147","145,841","33,846","96,900","359,354","119,513","266,410","134,427","80,714","151,429","534,238","133,193","217,098","183,947","238,389","113,538","97,025","241,239","449,184","196,185","119,207","78,102","56,882","22,552","32,080","59,981"
2021년04월_남_0~9세,"578,890","48,905","9,071","16,171","5,261","18,402","34,397","7,774","6,709","19,914","17,460","19,908","7,685","12,223","28,545","11,528","25,200","3,122","22,265","11,778","10,487","41,474","19,626","10,585","11,263","3,088","7,559","33,311","11,753","24,972","10,132","6,662","15,665","50,522","10,649","21,362","18,511","22,333","9,535","7,050","28,162","52,644","17,654","10,335","4,289","3,735","1,348","1,648","3,689"
2021년04월_남_10~19세,"681,423","60,760","14,853","17,157","7,250","21,500","44,356","8,787","8,420","27,149","21,673","26,889","9,654","17,235","35,457","15,478","27,714","4,285","32,625","17,566","15,059","53,030","21,099","15,046","16,885","3,477","9,199","39,893","12,722","25,928","13,467","7,345","13,263","62,462","13,442","25,893","23,127","25,402","11,566","9,442","24,796","50,022","17,465","12,407","6,272","4,860","1,653","2,403","5,112"
2021년04월_남_20~29세,"954,827","98,254","23,968","28,193","15,614","30,479","67,012","18,328","16,051","32,633","32,789","40,000","17,875","22,125","59,790","19,723","41,533","6,077","57,093","31,489","25,604","76,716","32,403","22,558","21,755","4,865","13,848","44,665","17,109","38,173","19,733","12,189","19,015","71,671","18,772","29,515","23,384","30,626","17,227","12,618","27,346","57,918","24,011","14,910","10,426","6,671","3,362","3,576","5,881"
2021년04월_남_30~39세,"981,229","92,457","16,850","29,841","14,437","31,329","68,933","18,913","16,777","33,243","30,458","39,806","17,371","22,435","58,682","20,504","45,079","5,186","46,566","23,969","22,597","71,068","34,519","18,886","17,663","4,855","12,915","44,347","20,831","42,109","19,470","11,642","25,794","70,935","18,038","28,530","24,367","35,434","16,365","12,503","37,617","78,384","29,526","14,766","8,159","5,995","2,357","3,044","5,442"
2021년04월_남_40~49세,"1,169,273","101,582","21,996","31,635","14,581","33,370","76,514","19,556","17,211","39,747","37,248","42,898","17,782","25,116","64,362","25,055","50,721","7,253","54,751","29,241","25,510","87,592","39,513","24,118","23,961","5,022","16,131","65,776","23,201","49,611","21,535","11,991","27,944","98,195","22,909","40,647","34,639","41,596","17,942","16,154","47,020","88,836","35,506","20,684","10,802","8,203","2,664","4,224","8,260"
2021년04월_남_50~59세,"1,136,978","98,028","24,322","30,412","15,854","27,440","77,390","20,608","19,140","37,642","39,477","47,054","21,073","25,981","70,741","24,568","46,388","8,627","65,153","35,221","29,932","96,072","41,453","27,365","27,254","5,790","17,427","60,689","17,606","46,652","23,300","13,992","21,554","84,973","22,440","34,106","28,427","38,858","18,308","16,723","34,657","63,091","32,638","20,341","15,973","10,515","3,765","5,954","10,674"
2021년04월_남_60~69세,"789,501","61,817","15,626","20,456","11,591","14,144","56,787","16,438","15,589","24,760","28,437","35,966","17,365","18,601","56,139","18,224","28,768","6,640","39,191","20,682","18,509","63,077","29,210","17,255","16,612","4,117","12,582","42,066","10,288","26,609","16,909","10,965","17,627","52,419","16,472","19,827","16,120","25,580","13,808","13,297","24,983","37,385","25,019","15,081","13,770","9,800","3,991","6,414","11,745"
2021년04월_남_70~79세,"349,150","25,359","6,931","7,990","5,398","5,040","26,239","7,705","6,994","11,540","13,737","14,647","7,736","6,911","21,602","7,995","12,469","3,620","13,467","7,451","6,016","26,504","13,115","6,741","6,648","1,777","5,204","20,653","4,369","9,018","6,813","4,280","8,238","29,889","7,450","11,831","10,608","12,669","6,021","6,279","12,180","15,099","10,782","7,640","5,757","4,885","2,277","3,222","6,459"
2021년04월_남_80~89세,"130,158","9,032","2,780","2,648","1,856","1,748","9,399","2,305","2,040","5,054","5,370","4,919","2,526","2,393","6,782","2,529","5,095","1,639","4,884","2,827","2,057","12,236","5,602","3,222","3,412",749,"1,849","7,300","1,526","3,027","2,737","1,480","2,087","12,002","2,749","4,892","4,361","5,339","2,536","2,746","4,095","5,345","3,296","2,801","2,411","2,016","1,015","1,440","2,476"
2021년04월_남_90~99세,"12,458",895,307,252,170,166,"1,013",194,158,661,436,512,216,296,712,244,458,158,463,290,173,"1,246",512,356,378,97,167,625,99,281,321,165,228,"1,143",263,482,398,532,222,207,372,443,277,231,230,195,112,141,233
2021년04월_남_100세 이상,579,47,14,13,12,8,46,17,11,18,27,27,14,13,39,11,25,3,21,12,9,47,22,15,10,9,19,29,9,30,10,3,14,27,9,13,5,20,8,6,11,17,11,11,13,7,8,14,10
2021년04월_여_총인구수,"6,695,332","588,396","134,452","181,010","90,353","182,581","470,781","117,711","106,214","246,856","233,965","278,563","118,934","159,629","409,307","149,831","262,704","46,679","319,337","173,176","146,161","551,674","242,754","154,260","154,660","35,109","98,424","362,413","111,256","243,688","136,580","81,513","150,372","542,535","126,252","222,824","193,459","231,707","105,686","91,013","240,480","415,503","187,609","115,783","69,215","55,031","20,528","30,126","59,524"
2021년04월_여_연령구간인구수,"6,695,332","588,396","134,452","181,010","90,353","182,581","470,781","117,711","106,214","246,856","233,965","278,563","118,934","159,629","409,307","149,831","262,704","46,679","319,337","173,176","146,161","551,674","242,754","154,260","154,660","35,109","98,424","362,413","111,256","243,688","136,580","81,513","150,372","542,535","126,252","222,824","193,459","231,707","105,686","91,013","240,480","415,503","187,609","115,783","69,215","55,031","20,528","30,126","59,524"
2021년04월_여_0~9세,"551,630","45,900","8,538","15,221","5,100","17,041","32,869","7,584","6,373","18,912","16,347","19,196","7,479","11,717","26,937","10,987","24,275","2,935","21,362","11,420","9,942","39,748","18,822","10,111","10,815","2,846","7,115","31,379","11,312","24,147","9,686","6,187","14,885","48,306","10,218","20,249","17,839","21,411","8,887","6,657","27,167","50,427","16,708","9,929","4,037","3,525","1,300","1,634","3,529"
2021년04월_여_10~19세,"643,946","56,670","13,452","15,871","6,953","20,394","42,154","8,393","7,904","25,857","20,305","24,971","8,847","16,124","33,702","14,637","25,973","4,226","30,712","16,713","13,999","50,650","20,196","14,158","16,296","3,259","8,600","37,849","12,203","24,483","12,576","6,940","12,920","58,921","12,056","24,549","22,316","24,029","10,650","8,634","23,826","47,915","16,659","12,001","5,710","4,582","1,466","2,158","4,565"
2021년04월_여_20~29세,"857,829","88,262","19,761","25,681","14,604","28,216","63,677","16,514","14,926","32,237","32,021","37,171","16,327","20,844","56,089","18,007","33,904","5,080","50,161","27,573","22,588","72,981","30,233","22,200","20,548","4,413","13,099","41,062","14,537","32,125","18,044","10,959","18,524","66,558","15,846","27,420","23,292","27,025","13,172","10,187","25,695","48,757","21,142","12,896","7,506","5,495","1,934","2,637","4,709"
2021년04월_여_30~39세,"920,627","85,049","15,299","27,154","12,154","30,442","66,488","16,478","14,428","35,582","29,160","37,584","15,459","22,125","55,356","19,944","37,469","4,807","38,747","20,165","18,582","72,164","33,978","19,739","18,447","4,836","12,720","45,495","17,633","36,660","18,049","10,929","25,148","72,686","15,894","29,792","27,000","31,582","14,043","10,384","39,047","72,035","27,250","13,863","6,423","5,376","1,799","2,558","5,343"
2021년04월_여_40~49세,"1,129,442","99,862","22,357","29,473","13,555","34,477","78,571","17,402","15,450","45,719","36,916","44,450","16,909","27,541","63,209","25,720","44,209","6,797","52,088","28,118","23,970","93,302","39,341","26,769","27,192","5,366","16,200","65,456","20,427","42,522","22,145","12,193","25,440","100,828","20,583","42,455","37,790","39,686","16,791","14,067","43,408","77,834","31,725","19,431","9,293","7,652","2,206","3,624","8,024"
2021년04월_여_50~59세,"1,106,006","98,320","24,325","31,244","15,351","27,400","77,332","19,859","18,617","38,856","40,799","49,829","21,836","27,993","75,151","24,742","41,609","7,711","62,511","33,939","28,572","99,208","41,762","28,706","28,740","6,231","17,937","58,115","16,028","42,060","24,417","15,113","21,628","82,134","21,015","33,431","27,688","35,376","16,821","14,777","33,138","54,139","31,318","18,423","13,039","9,548","3,239","5,259","10,054"
2021년04월_여_60~69세,"798,241","63,300","16,077","20,968","12,130","14,125","59,244","17,465","15,807","25,972","30,341","37,086","17,938","19,148","57,816","20,108","28,449","6,826","35,671","19,141","16,530","62,908","29,812","16,847","16,249","4,347","12,670","44,311","10,521","23,472","17,500","11,020","18,882","57,110","16,196","22,473","18,441","25,687","13,170","13,045","26,336","35,926","24,905","14,977","11,635","9,433","3,716","5,996","11,833"
2021년04월_여_70~79세,"418,456","31,234","8,767","9,445","6,666","6,356","31,402","9,230","8,254","13,918","17,428","17,161","8,794","8,367","25,136","9,769","15,966","4,997","16,430","9,419","7,011","35,291","17,223","8,854","9,214","2,190","6,425","24,554","5,537","10,763","8,290","4,802","8,273","35,962","8,660","14,544","12,758","16,055","7,038","7,417","13,901","17,191","11,551","8,775","6,600","5,328","2,725","3,569","6,696"
2021년04월_여_80~89세,"226,928","16,577","4,881","5,012","3,271","3,413","15,788","4,049","3,736","8,003","9,081","9,370","4,547","4,823","13,392","5,014","9,298","2,852","9,888","5,671","4,217","21,585","9,725","5,763","6,097","1,295","3,133","11,994","2,618","6,242","4,966","2,784","3,818","16,762","4,821","6,624","5,317","9,251","4,366","4,967","6,717","9,529","5,318","4,605","4,224","3,410","1,830","2,286","3,968"
2021년04월_여_90~99세,"40,406","3,070",948,902,536,684,"3,105",695,669,"1,741","1,466","1,669",760,909,"2,410",861,"1,486",424,"1,697",979,718,"3,702","1,591","1,083","1,028",298,492,"2,097",418,"1,141",876,564,808,"3,142",928,"1,234",980,"1,549",722,846,"1,206","1,687",990,843,725,661,297,383,771
2021년04월_여_100세 이상,"1,821",152,47,39,33,33,151,42,50,59,101,76,38,38,109,42,66,24,70,38,32,135,71,30,34,28,33,101,22,73,31,22,46,126,35,53,38,56,26,32,39,63,43,40,23,21,16,22,32
2021년05월_계_총인구수,"13,488,910","1,184,922","270,807","365,384","182,844","365,887","931,626","237,729","215,212","478,685","460,923","550,750","238,331","312,419","811,225","295,742","548,131","93,292","655,555","353,575","301,980","1,080,656","480,156","300,437","300,063","69,027","194,838","723,215","230,702","510,833","270,754","162,239","302,681","1,077,701","260,398","439,953","377,350","471,219","219,591","188,704","482,578","867,819","384,306","235,276","147,425","111,939","43,071","62,344","119,826"
2021년05월_계_연령구간인구수,"13,488,910","1,184,922","270,807","365,384","182,844","365,887","931,626","237,729","215,212","478,685","460,923","550,750","238,331","312,419","811,225","295,742","548,131","93,292","655,555","353,575","301,980","1,080,656","480,156","300,437","300,063","69,027","194,838","723,215","230,702","510,833","270,754","162,239","302,681","1,077,701","260,398","439,953","377,350","471,219","219,591","188,704","482,578","867,819","384,306","235,276","147,425","111,939","43,071","62,344","119,826"
2021년05월_계_0~9세,"1,126,119","94,269","17,475","31,224","10,352","35,218","66,940","15,310","13,018","38,612","33,671","38,944","15,123","23,821","55,150","22,549","49,419","6,040","43,386","23,031","20,355","80,779","38,275","20,591","21,913","5,964","14,596","64,403","22,927","49,027","19,697","12,838","30,485","98,357","20,809","41,382","36,166","43,603","18,358","13,641","55,201","102,843","34,193","20,211","8,321","7,208","2,643","3,272","7,184"
2021년05월_계_10~19세,"1,325,034","116,984","28,134","32,926","14,133","41,791","86,276","17,134","16,267","52,875","41,864","51,674","18,451","33,223","68,974","30,078","53,778","8,474","63,053","34,105","28,948","103,448","41,254","29,112","33,082","6,747","17,702","77,928","24,941","50,384","25,953","14,222","26,307","121,826","25,977","50,433","45,416","49,441","22,245","18,270","48,741","98,358","34,119","24,399","11,948","9,442","3,119","4,582","9,757"
2021년05월_계_20~29세,"1,812,032","186,314","43,624","53,715","30,394","58,581","130,218","34,667","30,842","64,709","64,786","76,924","34,110","42,814","115,465","37,732","75,712","11,166","107,079","59,020","48,059","149,418","62,559","44,739","42,120","9,301","26,837","85,855","31,583","70,324","37,711","23,090","37,535","138,436","34,773","56,978","46,685","57,809","30,447","22,950","53,055","107,105","45,226","27,791","17,910","12,143","5,288","6,219","10,603"
2021년05월_계_30~39세,"1,900,224","177,419","32,091","56,961","26,715","61,652","135,138","35,310","31,204","68,624","59,555","77,392","32,871","44,521","113,711","40,502","82,868","10,005","85,284","44,156","41,128","143,067","68,522","38,545","36,000","9,701","25,524","89,743","38,330","78,680","37,430","22,564","50,938","143,175","33,874","58,113","51,188","67,090","30,395","22,877","76,518","150,633","56,596","28,624","14,595","11,346","4,146","5,596","10,782"
2021년05월_계_40~49세,"2,295,083","200,875","44,174","60,910","28,088","67,703","154,427","36,766","32,541","85,120","73,829","86,990","34,559","52,431","127,142","50,709","95,107","13,941","106,273","57,048","49,225","180,309","78,705","50,710","50,894","10,378","32,192","131,202","43,623","92,108","43,520","24,109","53,569","198,677","43,497","82,880","72,300","81,335","34,708","30,252","90,606","167,039","67,299","40,059","20,017","15,826","4,841","7,859","16,262"
2021년05월_계_50~59세,"2,247,171","196,365","48,630","61,568","31,244","54,923","154,804","40,334","37,730","76,740","80,450","96,800","42,981","53,819","145,736","49,279","88,395","16,327","127,835","69,231","58,604","195,688","83,442","56,188","56,058","12,054","35,243","119,382","33,675","88,962","47,633","29,118","43,360","167,731","43,514","67,886","56,331","74,542","35,168","31,554","68,056","118,063","64,104","38,860","29,012","20,049","6,999","11,163","20,764"
2021년05월_계_60~69세,"1,600,436","126,204","31,983","41,762","23,912","28,547","116,606","34,049","31,602","50,955","59,164","73,541","35,561","37,980","114,707","38,526","57,849","13,569","75,527","40,203","35,324","127,020","59,463","34,450","33,107","8,510","25,367","87,081","20,989","50,676","34,693","22,172","36,791","110,211","32,964","42,517","34,730","51,775","27,282","26,592","51,698","74,146","50,340","30,320","25,622","19,382","7,768","12,538","23,770"
2021년05월_계_70~79세,"768,097","56,583","15,688","17,415","12,069","11,411","57,601","16,855","15,296","25,450","31,128","31,831","16,535","15,296","46,793","17,664","28,445","8,631","29,932","16,860","13,072","61,773","30,311","15,590","15,872","3,941","11,644","45,288","9,902","19,825","15,106","9,079","16,635","65,839","16,123","26,383","23,333","28,776","13,064","13,719","26,155","32,428","22,373","16,440","12,340","10,199","4,964","6,819","13,180"
2021년05월_계_80~89세,"359,388","25,749","7,696","7,698","5,189","5,166","25,277","6,365","5,812","13,100","14,509","14,367","7,119","7,248","20,255","7,566","14,511","4,522","14,904","8,582","6,322","34,005","15,423","9,022","9,560","2,037","5,024","19,470","4,186","9,319","7,767","4,288","5,961","29,011","7,635","11,604","9,772","14,682","6,944","7,747","10,904","14,990","8,730","7,450","6,671","5,461","2,870","3,742","6,469"
2021년05월_계_90~99세,"53,011","3,961","1,251","1,153",702,855,"4,141",880,839,"2,422","1,891","2,184",969,"1,215","3,141","1,099","1,955",591,"2,191","1,289",902,"4,967","2,109","1,446","1,412",381,655,"2,727",521,"1,423","1,201",737,"1,040","4,289","1,188","1,715","1,386","2,091",947,"1,063","1,589","2,130","1,274","1,075",954,854,409,518,"1,012"
2021년05월_계_100세 이상,"2,315",199,61,52,46,40,198,59,61,78,76,103,52,51,151,38,92,26,91,50,41,182,93,44,45,13,54,136,25,105,43,22,60,149,44,62,43,75,33,39,55,84,52,47,35,29,24,36,43
2021년05월_남_총인구수,"6,789,327","596,759","136,498","184,566","92,228","183,467","461,504","120,292","109,064","232,148","227,073","272,348","119,314","153,034","402,337","145,900","284,559","46,606","336,303","180,419","155,884","529,030","237,211","146,195","145,624","33,887","96,640","360,076","119,532","266,839","134,288","80,710","151,874","534,842","133,761","217,184","183,897","238,960","113,745","97,419","241,645","450,855","196,393","119,349","78,138","56,898","22,546","32,125","60,147"
2021년05월_남_연령구간인구수,"6,789,327","596,759","136,498","184,566","92,228","183,467","461,504","120,292","109,064","232,148","227,073","272,348","119,314","153,034","402,337","145,900","284,559","46,606","336,303","180,419","155,884","529,030","237,211","146,195","145,624","33,887","96,640","360,076","119,532","266,839","134,288","80,710","151,874","534,842","133,761","217,184","183,897","238,960","113,745","97,419","241,645","450,855","196,393","119,349","78,138","56,898","22,546","32,125","60,147"
2021년05월_남_0~9세,"576,706","48,615","8,981","16,108","5,252","18,274","34,233","7,751","6,666","19,816","17,395","19,820","7,654","12,166","28,375","11,530","25,143","3,115","22,146","11,704","10,442","41,242","19,514","10,560","11,168","3,104","7,512","33,192","11,705","24,915","10,068","6,659","15,630","50,304","10,614","21,259","18,431","22,275","9,490","7,017","28,131","52,584","17,574","10,301","4,280","3,707","1,338","1,638","3,668"
2021년05월_남_10~19세,"681,245","60,534","14,756","17,091","7,218","21,469","44,231","8,763","8,391","27,077","21,613","26,790","9,622","17,168","35,373","15,481","27,760","4,264","32,501","17,484","15,017","52,882","21,076","14,983","16,823","3,478","9,141","39,994","12,741","25,893","13,447","7,304","13,317","62,746","13,761","25,874","23,111","25,396","11,598","9,532","24,853","50,181","17,446","12,426","6,245","4,859","1,646","2,400","5,173"
2021년05월_남_20~29세,"954,382","98,045","23,898","28,092","15,682","30,373","66,751","18,225","15,970","32,556","32,806","39,872","17,831","22,041","59,542","19,677","41,656","6,071","57,007","31,447","25,560","76,559","32,354","22,540","21,665","4,876","13,798","44,742","17,065","38,203","19,667","12,149","18,992","71,900","18,869","29,644","23,387","30,729","17,249","12,712","27,326","58,184","24,011","14,899","10,398","6,654","3,372","3,586","5,884"
2021년05월_남_30~39세,"980,791","92,536","16,862","29,839","14,497","31,338","68,799","18,841","16,796","33,162","30,399","39,785","17,372","22,413","58,530","20,568","45,339","5,195","46,520","23,951","22,569","71,035","34,547","18,881","17,607","4,842","12,857","44,308","20,769","42,084","19,436","11,642","25,827","70,679","17,975","28,409","24,295","35,451","16,357","12,530","37,568","78,496","29,444","14,769","8,181","5,993","2,357","3,040","5,455"
2021년05월_남_40~49세,"1,167,514","101,240","21,897","31,509","14,554","33,280","76,205","19,434","17,165","39,606","37,094","42,721","17,722","24,999","64,127","25,019","50,855","7,199","54,467","29,089","25,378","87,361","39,446","24,024","23,891","5,025","16,071","65,732","23,217","49,623","21,480","11,955","28,020","98,009","22,937","40,509","34,563","41,645","17,949","16,164","47,088","88,995","35,540","20,645","10,764","8,182","2,641","4,232","8,249"
2021년05월_남_50~59세,"1,139,132","98,039","24,317","30,377","15,870","27,475","77,433","20,566","19,131","37,736","39,552","47,007","21,093","25,914","70,694","24,586","46,569","8,629","65,227","35,247","29,980","96,275","41,591","27,409","27,275","5,809","17,366","61,004","17,631","46,786","23,256","13,991","21,650","85,253","22,460","34,268","28,525","38,982","18,319","16,755","34,770","63,582","32,737","20,374","15,956","10,526","3,770","5,924","10,680"
2021년05월_남_60~69세,"795,828","62,352","15,743","20,631","11,699","14,279","57,102","16,543","15,688","24,871","28,627","36,210","17,510","18,700","56,464","18,308","29,093","6,684","39,521","20,890","18,631","63,540","29,384","17,444","16,712","4,134","12,614","42,396","10,389","26,934","17,010","11,060","17,778","52,818","16,636","19,969","16,213","25,855","13,983","13,445","25,171","37,807","25,225","15,219","13,892","9,862","4,017","6,473","11,845"
2021년05월_남_70~79세,"349,523","25,360","6,925","7,990","5,402","5,043","26,216","7,639","7,025","11,552","13,729","14,670","7,740","6,930","21,626","7,949","12,507","3,626","13,503","7,452","6,051","26,520","13,126","6,739","6,655","1,775","5,214","20,681","4,368","9,045","6,827","4,287","8,293","29,843","7,453","11,820","10,570","12,708","6,021","6,291","12,227","15,178","10,795","7,664","5,755","4,884","2,254","3,234","6,473"
2021년05월_남_80~89세,"131,185","9,107","2,799","2,667","1,876","1,765","9,460","2,316","2,061","5,083","5,406","4,934","2,542","2,392","6,852","2,539","5,158","1,660","4,918","2,847","2,071","12,323","5,638","3,243","3,442",747,"1,878","7,373","1,538","3,049","2,765","1,492","2,123","12,127","2,785","4,943","4,399","5,371","2,548","2,754","4,124","5,386","3,339","2,811","2,424","2,028","1,031","1,444","2,476"
2021년05월_남_90~99세,"12,462",885,305,249,167,164,"1,026",196,160,670,434,513,214,299,715,235,453,160,472,296,176,"1,247",513,357,377,94,169,623,102,277,322,168,230,"1,137",262,477,398,529,224,213,375,444,271,231,231,196,112,140,234
2021년05월_남_100세 이상,559,46,15,13,11,7,48,18,11,19,18,26,14,12,39,8,26,3,21,12,9,46,22,15,9,3,20,31,7,30,10,3,14,26,9,12,5,19,7,6,12,18,11,10,12,7,8,14,10
2021년05월_여_총인구수,"6,699,583","588,163","134,309","180,818","90,616","182,420","470,122","117,437","106,148","246,537","233,850","278,402","119,017","159,385","408,888","149,842","263,572","46,686","319,252","173,156","146,096","551,626","242,945","154,242","154,439","35,140","98,198","363,139","111,170","243,994","136,466","81,529","150,807","542,859","126,637","222,769","193,453","232,259","105,846","91,285","240,933","416,964","187,913","115,927","69,287","55,041","20,525","30,219","59,679"
2021년05월_여_연령구간인구수,"6,699,583","588,163","134,309","180,818","90,616","182,420","470,122","117,437","106,148","246,537","233,850","278,402","119,017","159,385","408,888","149,842","263,572","46,686","319,252","173,156","146,096","551,626","242,945","154,242","154,439","35,140","98,198","363,139","111,170","243,994","136,466","81,529","150,807","542,859","126,637","222,769","193,453","232,259","105,846","91,285","240,933","416,964","187,913","115,927","69,287","55,041","20,525","30,219","59,679"
2021년05월_여_0~9세,"549,413","45,654","8,494","15,116","5,100","16,944","32,707","7,559","6,352","18,796","16,276","19,124","7,469","11,655","26,775","11,019","24,276","2,925","21,240","11,327","9,913","39,537","18,761","10,031","10,745","2,860","7,084","31,211","11,222","24,112","9,629","6,179","14,855","48,053","10,195","20,123","17,735","21,328","8,868","6,624","27,070","50,259","16,619","9,910","4,041","3,501","1,305","1,634","3,516"
2021년05월_여_10~19세,"643,789","56,450","13,378","15,835","6,915","20,322","42,045","8,371","7,876","25,798","20,251","24,884","8,829","16,055","33,601","14,597","26,018","4,210","30,552","16,621","13,931","50,566","20,178","14,129","16,259","3,269","8,561","37,934","12,200","24,491","12,506","6,918","12,990","59,080","12,216","24,559","22,305","24,045","10,647","8,738","23,888","48,177","16,673","11,973","5,703","4,583","1,473","2,182","4,584"
2021년05월_여_20~29세,"857,650","88,269","19,726","25,623","14,712","28,208","63,467","16,442","14,872","32,153","31,980","37,052","16,279","20,773","55,923","18,055","34,056","5,095","50,072","27,573","22,499","72,859","30,205","22,199","20,455","4,425","13,039","41,113","14,518","32,121","18,044","10,941","18,543","66,536","15,904","27,334","23,298","27,080","13,198","10,238","25,729","48,921","21,215","12,892","7,512","5,489","1,916","2,633","4,719"
2021년05월_여_30~39세,"919,433","84,883","15,229","27,122","12,218","30,314","66,339","16,469","14,408","35,462","29,156","37,607","15,499","22,108","55,181","19,934","37,529","4,810","38,764","20,205","18,559","72,032","33,975","19,664","18,393","4,859","12,667","45,435","17,561","36,596","17,994","10,922","25,111","72,496","15,899","29,704","26,893","31,639","14,038","10,347","38,950","72,137","27,152","13,855","6,414","5,353","1,789","2,556","5,327"
2021년05월_여_40~49세,"1,127,569","99,635","22,277","29,401","13,534","34,423","78,222","17,332","15,376","45,514","36,735","44,269","16,837","27,432","63,015","25,690","44,252","6,742","51,806","27,959","23,847","92,948","39,259","26,686","27,003","5,353","16,121","65,470","20,406","42,485","22,040","12,154","25,549","100,668","20,560","42,371","37,737","39,690","16,759","14,088","43,518","78,044","31,759","19,414","9,253","7,644","2,200","3,627","8,013"
2021년05월_여_50~59세,"1,108,039","98,326","24,313","31,191","15,374","27,448","77,371","19,768","18,599","39,004","40,898","49,793","21,888","27,905","75,042","24,693","41,826","7,698","62,608","33,984","28,624","99,413","41,851","28,779","28,783","6,245","17,877","58,378","16,044","42,176","24,377","15,127","21,710","82,478","21,054","33,618","27,806","35,560","16,849","14,799","33,286","54,481","31,367","18,486","13,056","9,523","3,229","5,239","10,084"
2021년05월_여_60~69세,"804,608","63,852","16,240","21,131","12,213","14,268","59,504","17,506","15,914","26,084","30,537","37,331","18,051","19,280","58,243","20,218","28,756","6,885","36,006","19,313","16,693","63,480","30,079","17,006","16,395","4,376","12,753","44,685","10,600","23,742","17,683","11,112","19,013","57,393","16,328","22,548","18,517","25,920","13,299","13,147","26,527","36,339","25,115","15,101","11,730","9,520","3,751","6,065","11,925"
2021년05월_여_70~79세,"418,574","31,223","8,763","9,425","6,667","6,368","31,385","9,216","8,271","13,898","17,399","17,161","8,795","8,366","25,167","9,715","15,938","5,005","16,429","9,408","7,021","35,253","17,185","8,851","9,217","2,166","6,430","24,607","5,534","10,780","8,279","4,792","8,342","35,996","8,670","14,563","12,763","16,068","7,043","7,428","13,928","17,250","11,578","8,776","6,585","5,315","2,710","3,585","6,707"
2021년05월_여_80~89세,"228,203","16,642","4,897","5,031","3,313","3,401","15,817","4,049","3,751","8,017","9,103","9,433","4,577","4,856","13,403","5,027","9,353","2,862","9,986","5,735","4,251","21,682","9,785","5,779","6,118","1,290","3,146","12,097","2,648","6,270","5,002","2,796","3,838","16,884","4,850","6,661","5,373","9,311","4,396","4,993","6,780","9,604","5,391","4,639","4,247","3,433","1,839","2,298","3,993"
2021년05월_여_90~99세,"40,549","3,076",946,904,535,691,"3,115",684,679,"1,752","1,457","1,671",755,916,"2,426",864,"1,502",431,"1,719",993,726,"3,720","1,596","1,089","1,035",287,486,"2,104",419,"1,146",879,569,810,"3,152",926,"1,238",988,"1,562",723,850,"1,214","1,686","1,003",844,723,658,297,378,778
2021년05월_여_100세 이상,"1,756",153,46,39,35,33,150,41,50,59,58,77,38,39,112,30,66,23,70,38,32,136,71,29,36,10,34,105,18,75,33,19,46,123,35,50,38,56,26,33,43,66,41,37,23,22,16,22,33
2021년06월_계_총인구수,"13,500,688","1,184,210","270,373","365,208","183,123","365,506","931,654","236,873","214,767","480,014","461,523","549,903","238,391","311,512","810,742","295,852","549,901","93,354","655,115","353,174","301,941","1,080,507","480,386","300,326","299,795","69,276","194,389","724,183","230,705","511,314","270,584","162,215","305,908","1,077,826","260,877","439,791","377,158","472,260","220,904","189,060","483,642","870,361","384,714","235,394","147,597","112,177","43,042","62,364","120,012"
2021년06월_계_연령구간인구수,"13,500,688","1,184,210","270,373","365,208","183,123","365,506","931,654","236,873","214,767","480,014","461,523","549,903","238,391","311,512","810,742","295,852","549,901","93,354","655,115","353,174","301,941","1,080,507","480,386","300,326","299,795","69,276","194,389","724,183","230,705","511,314","270,584","162,215","305,908","1,077,826","260,877","439,791","377,158","472,260","220,904","189,060","483,642","870,361","384,714","235,394","147,597","112,177","43,042","62,364","120,012"
2021년06월_계_0~9세,"1,122,836","93,800","17,338","31,084","10,373","35,005","66,921","15,211","12,926","38,784","33,633","38,772","15,077","23,695","54,912","22,519","49,436","6,004","43,181","22,883","20,298","80,362","38,129","20,483","21,750","6,003","14,533","64,095","22,807","48,870","19,585","12,773","30,881","97,820","20,710","41,140","35,970","43,535","18,306","13,588","55,105","102,681","34,034","20,157","8,289","7,167","2,622","3,267","7,178"
2021년06월_계_10~19세,"1,325,609","116,656","27,937","32,870","14,115","41,734","86,087","17,086","16,166","52,835","41,795","51,536","18,432","33,104","68,850","30,028","53,846","8,468","62,759","33,918","28,841","103,186","41,198","29,024","32,964","6,752","17,639","78,097","24,937","50,361","25,866","14,205","26,667","121,970","26,133","50,432","45,405","49,467","23,149","18,276","48,942","98,682","34,154","24,361","11,898","9,518","3,106","4,568","9,783"
2021년06월_계_20~29세,"1,810,989","185,985","43,510","53,594","30,465","58,416","129,892","34,528","30,681","64,683","64,783","76,723","34,108","42,615","115,111","37,685","75,943","11,157","106,798","58,808","47,990","149,158","62,450","44,656","42,052","9,304","26,721","85,889","31,522","70,248","37,603","23,063","37,856","138,327","34,770","56,930","46,627","58,004","30,553","23,053","53,058","107,390","45,154","27,764","17,938","12,200","5,268","6,222","10,617"
2021년06월_계_30~39세,"1,899,205","177,224","32,002","56,859","26,773","61,590","135,347","35,158","31,154","69,035","59,739","77,247","32,934","44,313","113,556","40,526","83,132","10,013","85,228","44,152","41,076","142,950","68,469","38,509","35,972","9,757","25,425","89,558","38,192","78,524","37,378","22,530","51,316","142,636","33,810","57,815","51,011","67,073","30,434","22,890","76,433","150,747","56,436","28,500","14,584","11,308","4,161","5,594","10,767"
2021년06월_계_40~49세,"2,296,204","200,644","44,077","60,901","28,091","67,575","154,197","36,564","32,473","85,160","73,819","86,801","34,553","52,248","126,947","50,700","95,388","13,927","106,061","56,857","49,204","180,016","78,703","50,565","50,748","10,410","32,130","131,327","43,700","92,241","43,416","24,091","54,268","198,690","43,590","82,847","72,253","81,503","34,742","30,268","90,977","167,704","67,425","40,060","19,982","15,816","4,819","7,852","16,283"
2021년06월_계_50~59세,"2,246,038","196,011","48,542","61,362","31,203","54,904","154,564","40,127","37,542","76,895","80,428","96,446","42,854","53,592","145,209","49,184","88,569","16,333","127,652","69,141","58,511","195,628","83,411","56,197","56,020","12,070","35,038","119,530","33,660","89,124","47,530","29,024","43,789","167,877","43,506","67,924","56,447","74,669","35,128","31,532","68,045","118,242","64,106","38,901","28,989","20,018","6,974","11,121","20,647"
2021년06월_계_60~69세,"1,614,361","127,318","32,280","42,164","24,089","28,785","117,383","34,076","31,813","51,494","59,651","73,946","35,795","38,151","115,568","38,821","58,470","13,669","76,184","40,575","35,609","128,157","60,009","34,750","33,398","8,615","25,547","87,831","21,198","51,166","35,020","22,369","37,240","111,016","33,303","42,857","34,856","52,268","27,552","26,840","52,204","75,067","50,824","30,541","25,891","19,561","7,821","12,631","23,992"
2021년06월_계_70~79세,"768,438","56,507","15,661","17,406","12,053","11,387","57,537","16,805","15,258","25,474","31,099","31,736","16,476","15,260","46,953","17,653","28,471","8,618","29,973","16,895","13,078","61,665","30,267","15,576","15,822","3,934","11,610","45,345","9,916","19,887","15,135","9,091","16,752","65,830","16,155","26,346","23,329","28,757","13,088","13,738","26,222","32,550","22,448","16,446","12,332","10,212","4,956","6,806","13,171"
2021년06월_계_80~89세,"361,517","25,909","7,719","7,754","5,215","5,221","25,397","6,381","5,851","13,165","14,604","14,401","7,132","7,269","20,341","7,598","14,596","4,545","14,990","8,612","6,378","34,235","15,553","9,079","9,603","2,037","5,028","19,626","4,224","9,360","7,807","4,312","6,033","29,197","7,661","11,705","9,831","14,802","6,972","7,759","10,997","15,095","8,798","7,529","6,694","5,487","2,877","3,753","6,514"
2021년06월_계_90~99세,"53,180","3,951","1,245","1,158",699,849,"4,133",878,842,"2,413","1,896","2,202",987,"1,215","3,143","1,103","1,959",594,"2,197","1,283",914,"4,971","2,104","1,445","1,422",382,666,"2,744",524,"1,428","1,200",736,"1,046","4,311","1,196","1,731","1,384","2,108",947,"1,077","1,603","2,122","1,282","1,088",962,861,414,514,"1,016"
2021년06월_계_100세 이상,"2,311",205,62,56,47,40,196,59,61,76,76,93,43,50,152,35,91,26,92,50,42,179,93,42,44,12,52,141,25,105,44,21,60,152,43,64,45,74,33,39,56,81,53,47,38,29,24,36,44
2021년06월_남_총인구수,"6,795,088","596,269","136,189","184,469","92,354","183,257","461,565","119,857","108,857","232,851","227,380","271,857","119,318","152,539","402,000","145,948","285,580","46,626","336,051","180,215","155,836","528,924","237,312","146,160","145,452","34,036","96,457","360,473","119,561","267,078","134,167","80,667","153,427","534,946","134,045","217,094","183,807","239,454","114,471","97,561","242,136","452,263","196,588","119,411","78,200","57,050","22,537","32,146","60,259"
2021년06월_남_연령구간인구수,"6,795,088","596,269","136,189","184,469","92,354","183,257","461,565","119,857","108,857","232,851","227,380","271,857","119,318","152,539","402,000","145,948","285,580","46,626","336,051","180,215","155,836","528,924","237,312","146,160","145,452","34,036","96,457","360,473","119,561","267,078","134,167","80,667","153,427","534,946","134,045","217,094","183,807","239,454","114,471","97,561","242,136","452,263","196,588","119,411","78,200","57,050","22,537","32,146","60,259"
2021년06월_남_0~9세,"574,897","48,341","8,896","16,035","5,252","18,158","34,228","7,706","6,611","19,911","17,372","19,742","7,628","12,114","28,239","11,504","25,143","3,094","22,039","11,632","10,407","41,015","19,441","10,513","11,061","3,130","7,480","33,021","11,653","24,837","9,987","6,615","15,830","50,041","10,564","21,151","18,326","22,225","9,460","6,986","28,090","52,484","17,479","10,292","4,255","3,691","1,324","1,639","3,661"
2021년06월_남_10~19세,"681,461","60,323","14,633","17,055","7,212","21,423","44,111","8,724","8,334","27,053","21,568","26,698","9,619","17,079","35,310","15,467","27,809","4,270","32,335","17,388","14,947","52,748","21,055","14,915","16,778","3,475","9,105","40,042","12,735","25,863","13,430","7,297","13,513","62,815","13,838","25,873","23,104","25,405","12,118","9,512","24,951","50,338","17,460","12,405","6,220","4,910","1,640","2,385","5,203"
2021년06월_남_20~29세,"953,842","97,866","23,815","28,060","15,705","30,286","66,636","18,169","15,893","32,574","32,800","39,728","17,819","21,909","59,321","19,642","41,787","6,065","56,830","31,327","25,503","76,408","32,315","22,490","21,603","4,892","13,734","44,768","17,051","38,133","19,596","12,128","19,137","71,866","18,901","29,607","23,358","30,868","17,311","12,747","27,330","58,367","24,008","14,886","10,403","6,683","3,348","3,596","5,907"
2021년06월_남_30~39세,"980,546","92,484","16,833","29,779","14,533","31,339","68,941","18,782","16,800","33,359","30,482","39,703","17,386","22,317","58,466","20,576","45,535","5,202","46,518","23,960","22,558","71,023","34,518","18,892","17,613","4,862","12,813","44,232","20,696","41,998","19,395","11,610","25,970","70,479","17,954","28,271","24,254","35,411","16,377","12,557","37,517","78,691","29,322","14,692","8,169","5,970","2,367","3,034","5,454"
2021년06월_남_40~49세,"1,168,087","101,025","21,796","31,476","14,559","33,194","76,070","19,309","17,132","39,629","37,105","42,619","17,724","24,895","64,023","25,027","51,005","7,186","54,389","29,002","25,387","87,191","39,417","23,962","23,812","5,047","16,059","65,754","23,276","49,734","21,437","11,959","28,346","97,983","22,961","40,497","34,525","41,760","17,962","16,176","47,271","89,323","35,606","20,669","10,764","8,191","2,637","4,233","8,260"
2021년06월_남_50~59세,"1,138,575","97,850","24,259","30,259","15,854","27,478","77,369","20,475","19,060","37,834","39,569","46,847","21,026","25,821","70,430","24,532","46,675","8,626","65,092","35,167","29,925","96,176","41,553","27,374","27,249","5,832","17,273","61,049","17,613","46,885","23,193","13,953","21,897","85,346","22,480","34,277","28,589","39,057","18,295","16,741","34,768","63,649","32,777","20,381","15,935","10,498","3,765","5,910","10,592"
2021년06월_남_60~69세,"802,781","62,958","15,917","20,869","11,772","14,400","57,433","16,546","15,765","25,122","28,872","36,408","17,630","18,778","56,847","18,453","29,409","6,725","39,891","21,108","18,783","64,166","29,683","17,636","16,847","4,187","12,717","42,802","10,492","27,175","17,173","11,140","17,982","53,216","16,802","20,147","16,267","26,093","14,125","13,561","25,386","38,268","25,448","15,329","14,029","9,961","4,049","6,522","11,964"
2021년06월_남_70~79세,"349,795","25,350","6,921","7,993","5,402","5,034","26,177","7,612","7,003","11,562","13,707","14,637","7,718","6,919","21,710","7,962","12,532","3,633","13,535","7,470","6,065","26,485","13,110","6,725","6,650","1,769","5,203","20,720","4,379","9,083","6,851","4,291","8,354","29,807","7,472","11,784","10,551","12,665","6,042","6,292","12,257","15,240","10,842","7,671","5,750","4,892","2,252","3,234","6,473"
2021년06월_남_80~89세,"132,036","9,142","2,799","2,679","1,887","1,777","9,524","2,319","2,089","5,116","5,451","4,937","2,539","2,398","6,909","2,546","5,201","1,661","4,938","2,862","2,076","12,409","5,681","3,278","3,450",745,"1,879","7,420","1,554","3,058","2,772","1,504","2,154","12,220","2,801","4,993","4,426","5,420","2,553","2,767","4,174","5,448","3,363","2,839","2,424","2,049","1,034","1,443","2,498"
2021년06월_남_90~99세,"12,513",884,305,251,167,161,"1,030",198,159,673,437,515,218,297,705,232,458,161,463,287,176,"1,257",516,360,381,94,174,633,105,282,324,167,230,"1,147",263,483,401,532,221,216,380,437,271,237,237,198,113,136,237
2021년06월_남_100세 이상,555,46,15,13,11,7,46,17,11,18,17,23,11,12,40,7,26,3,21,12,9,46,23,15,8,3,20,32,7,30,9,3,14,26,9,11,6,18,7,6,12,18,12,10,14,7,8,14,10
2021년06월_여_총인구수,"6,705,600","587,941","134,184","180,739","90,769","182,249","470,089","117,016","105,910","247,163","234,143","278,046","119,073","158,973","408,742","149,904","264,321","46,728","319,064","172,959","146,105","551,583","243,074","154,166","154,343","35,240","97,932","363,710","111,144","244,236","136,417","81,548","152,481","542,880","126,832","222,697","193,351","232,806","106,433","91,499","241,506","418,098","188,126","115,983","69,397","55,127","20,505","30,218","59,753"
2021년06월_여_연령구간인구수,"6,705,600","587,941","134,184","180,739","90,769","182,249","470,089","117,016","105,910","247,163","234,143","278,046","119,073","158,973","408,742","149,904","264,321","46,728","319,064","172,959","146,105","551,583","243,074","154,166","154,343","35,240","97,932","363,710","111,144","244,236","136,417","81,548","152,481","542,880","126,832","222,697","193,351","232,806","106,433","91,499","241,506","418,098","188,126","115,983","69,397","55,127","20,505","30,218","59,753"
2021년06월_여_0~9세,"547,939","45,459","8,442","15,049","5,121","16,847","32,693","7,505","6,315","18,873","16,261","19,030","7,449","11,581","26,673","11,015","24,293","2,910","21,142","11,251","9,891","39,347","18,688","9,970","10,689","2,873","7,053","31,074","11,154","24,033","9,598","6,158","15,051","47,779","10,146","19,989","17,644","21,310","8,846","6,602","27,015","50,197","16,555","9,865","4,034","3,476","1,298","1,628","3,517"
2021년06월_여_10~19세,"644,148","56,333","13,304","15,815","6,903","20,311","41,976","8,362","7,832","25,782","20,227","24,838","8,813","16,025","33,540","14,561","26,037","4,198","30,424","16,530","13,894","50,438","20,143","14,109","16,186","3,277","8,534","38,055","12,202","24,498","12,436","6,908","13,154","59,155","12,295","24,559","22,301","24,062","11,031","8,764","23,991","48,344","16,694","11,956","5,678","4,608","1,466","2,183","4,580"
2021년06월_여_20~29세,"857,147","88,119","19,695","25,534","14,760","28,130","63,256","16,359","14,788","32,109","31,983","36,995","16,289","20,706","55,790","18,043","34,156","5,092","49,968","27,481","22,487","72,750","30,135","22,166","20,449","4,412","12,987","41,121","14,471","32,115","18,007","10,935","18,719","66,461","15,869","27,323","23,269","27,136","13,242","10,306","25,728","49,023","21,146","12,878","7,535","5,517","1,920","2,626","4,710"
2021년06월_여_30~39세,"918,659","84,740","15,169","27,080","12,240","30,251","66,406","16,376","14,354","35,676","29,257","37,544","15,548","21,996","55,090","19,950","37,597","4,811","38,710","20,192","18,518","71,927","33,951","19,617","18,359","4,895","12,612","45,326","17,496","36,526","17,983","10,920","25,346","72,157","15,856","29,544","26,757","31,662","14,057","10,333","38,916","72,056","27,114","13,808","6,415","5,338","1,794","2,560","5,313"
2021년06월_여_40~49세,"1,128,117","99,619","22,281","29,425","13,532","34,381","78,127","17,255","15,341","45,531","36,714","44,182","16,829","27,353","62,924","25,673","44,383","6,741","51,672","27,855","23,817","92,825","39,286","26,603","26,936","5,363","16,071","65,573","20,424","42,507","21,979","12,132","25,922","100,707","20,629","42,350","37,728","39,743","16,780","14,092","43,706","78,381","31,819","19,391","9,218","7,625","2,182","3,619","8,023"
2021년06월_여_50~59세,"1,107,463","98,161","24,283","31,103","15,349","27,426","77,195","19,652","18,482","39,061","40,859","49,599","21,828","27,771","74,779","24,652","41,894","7,707","62,560","33,974","28,586","99,452","41,858","28,823","28,771","6,238","17,765","58,481","16,047","42,239","24,337","15,071","21,892","82,531","21,026","33,647","27,858","35,612","16,833","14,791","33,277","54,593","31,329","18,520","13,054","9,520","3,209","5,211","10,055"
2021년06월_여_60~69세,"811,580","64,360","16,363","21,295","12,317","14,385","59,950","17,530","16,048","26,372","30,779","37,538","18,165","19,373","58,721","20,368","29,061","6,944","36,293","19,467","16,826","63,991","30,326","17,114","16,551","4,428","12,830","45,029","10,706","23,991","17,847","11,229","19,258","57,800","16,501","22,710","18,589","26,175","13,427","13,279","26,818","36,799","25,376","15,212","11,862","9,600","3,772","6,109","12,028"
2021년06월_여_70~79세,"418,643","31,157","8,740","9,413","6,651","6,353","31,360","9,193","8,255","13,912","17,392","17,099","8,758","8,341","25,243","9,691","15,939","4,985","16,438","9,425","7,013","35,180","17,157","8,851","9,172","2,165","6,407","24,625","5,537","10,804","8,284","4,800","8,398","36,023","8,683","14,562","12,778","16,092","7,046","7,446","13,965","17,310","11,606","8,775","6,582","5,320","2,704","3,572","6,698"
2021년06월_여_80~89세,"229,481","16,767","4,920","5,075","3,328","3,444","15,873","4,062","3,762","8,049","9,153","9,464","4,593","4,871","13,432","5,052","9,395","2,884","10,052","5,750","4,302","21,826","9,872","5,801","6,153","1,292","3,149","12,206","2,670","6,302","5,035","2,808","3,879","16,977","4,860","6,712","5,405","9,382","4,419","4,992","6,823","9,647","5,435","4,690","4,270","3,438","1,843","2,310","4,016"
2021년06월_여_90~99세,"40,667","3,067",940,907,532,688,"3,103",680,683,"1,740","1,459","1,687",769,918,"2,438",871,"1,501",433,"1,734",996,738,"3,714","1,588","1,085","1,041",288,492,"2,111",419,"1,146",876,569,816,"3,164",933,"1,248",983,"1,576",726,861,"1,223","1,685","1,011",851,725,663,301,378,779
2021년06월_여_100세 이상,"1,756",159,47,43,36,33,150,42,50,58,59,70,32,38,112,28,65,23,71,38,33,133,70,27,36,9,32,109,18,75,35,18,46,126,34,53,39,56,26,33,44,63,41,37,24,22,16,22,34
2021년07월_계_총인구수,"13,512,867","1,183,615","270,044","365,157","183,198","365,216","931,756","236,351","214,189","481,216","462,588","548,960","238,639","310,321","810,069","295,560","551,603","93,447","654,678","352,898","301,780","1,081,045","481,053","300,232","299,760","69,509","193,954","725,031","230,657","511,747","270,293","162,925","308,390","1,079,049","261,482","440,630","376,937","473,673","221,697","189,298","484,481","872,537","385,000","235,495","147,855","112,203","42,985","62,348","120,419"
2021년07월_계_연령구간인구수,"13,512,867","1,183,615","270,044","365,157","183,198","365,216","931,756","236,351","214,189","481,216","462,588","548,960","238,639","310,321","810,069","295,560","551,603","93,447","654,678","352,898","301,780","1,081,045","481,053","300,232","299,760","69,509","193,954","725,031","230,657","511,747","270,293","162,925","308,390","1,079,049","261,482","440,630","376,937","473,673","221,697","189,298","484,481","872,537","385,000","235,495","147,855","112,203","42,985","62,348","120,419"
2021년07월_계_0~9세,"1,119,413","93,371","17,191","30,971","10,348","34,861","66,842","15,094","12,809","38,939","33,649","38,570","15,042","23,528","54,590","22,448","49,404","5,992","42,976","22,765","20,211","80,027","37,914","20,427","21,686","6,042","14,468","63,867","22,645","48,738","19,442","12,815","31,258","97,332","20,564","41,025","35,743","43,461","18,265","13,511","54,933","102,441","33,877","20,081","8,230","7,104","2,603","3,254","7,177"
2021년07월_계_10~19세,"1,326,320","116,340","27,850","32,792","14,076","41,622","85,945","17,008","16,045","52,892","41,735","51,366","18,391","32,975","68,737","29,958","53,868","8,482","62,523","33,765","28,758","103,092","41,229","28,966","32,897","6,778","17,571","78,124","24,918","50,375","25,834","14,239","27,024","122,502","26,542","50,488","45,472","49,559","23,347","18,343","49,121","98,959","34,209","24,334","11,876","9,536","3,086","4,588","9,951"
2021년07월_계_20~29세,"1,809,310","185,431","43,316","53,444","30,449","58,222","129,497","34,382","30,582","64,533","64,870","76,439","34,109","42,330","114,635","37,496","76,240","11,115","106,442","58,579","47,863","148,945","62,439","44,550","41,956","9,303","26,563","86,031","31,519","70,055","37,428","23,017","37,943","138,360","34,852","57,028","46,480","58,318","30,738","23,085","53,075","107,647","45,139","27,737","17,980","12,185","5,241","6,191","10,645"
2021년07월_계_30~39세,"1,898,501","177,104","31,954","56,806","26,822","61,522","135,384","34,969","31,123","69,292","59,955","77,094","33,020","44,074","113,318","40,535","83,366","9,977","85,231","44,160","41,071","142,891","68,588","38,396","35,907","9,786","25,347","89,451","38,080","78,529","37,413","22,698","51,491","142,310","33,706","57,766","50,838","67,284","30,508","22,880","76,224","150,628","56,184","28,417","14,594","11,272","4,158","5,596","10,796"
2021년07월_계_40~49세,"2,295,435","200,157","43,924","60,777","28,037","67,419","154,054","36,486","32,295","85,273","73,889","86,491","34,505","51,986","126,735","50,595","95,681","13,938","105,664","56,667","48,997","179,732","78,650","50,515","50,567","10,457","32,008","131,216","43,683","92,285","43,236","24,153","54,833","198,563","43,563","82,866","72,134","81,524","34,765","30,211","91,225","168,213","67,469","40,018","19,950","15,787","4,799","7,818","16,286"
2021년07월_계_50~59세,"2,249,247","196,125","48,569","61,398","31,184","54,974","154,507","40,027","37,351","77,129","80,614","96,229","42,825","53,404","145,024","49,082","88,815","16,386","127,599","69,120","58,479","195,886","83,551","56,213","56,122","12,090","35,006","119,910","33,718","89,310","47,449","29,179","44,130","168,445","43,554","68,262","56,629","74,944","35,186","31,531","68,295","118,881","64,223","38,981","29,023","20,003","6,976","11,085","20,615"
2021년07월_계_60~69세,"1,625,682","128,279","32,504","42,475","24,248","29,052","118,093","34,232","31,921","51,940","60,065","74,263","36,037","38,226","116,265","39,007","58,960","13,742","76,874","40,933","35,941","129,185","60,525","34,989","33,671","8,676","25,634","88,311","21,372","51,574","35,265","22,595","37,589","111,752","33,576","43,169","35,007","52,725","27,776","27,074","52,517","75,691","51,126","30,723","26,133","19,673","7,866","12,705","24,172"
2021년07월_계_70~79세,"769,763","56,611","15,668","17,482","12,049","11,412","57,555","16,785","15,292","25,478","31,179","31,803","16,526","15,277","47,064","17,658","28,570","8,609","30,015","16,911","13,104","61,661","30,330","15,543","15,788","3,952","11,594","45,471","9,916","19,923","15,132","9,112","16,887","65,966","16,212","26,423","23,331","28,782","13,126","13,753","26,328","32,652","22,557","16,467","12,326","10,225","4,914","6,790","13,165"
2021년07월_계_80~89세,"363,493","26,027","7,751","7,788","5,244","5,244","25,548","6,432","5,875","13,241","14,657","14,421","7,161","7,260","20,422","7,648","14,641","4,583","15,061","8,663","6,398","34,427","15,606","9,145","9,676","2,035","5,039","19,744","4,253","9,405","7,848","4,350","6,117","29,354","7,682","11,806","9,866","14,876","7,004","7,781","11,071","15,209","8,880","7,610","6,734","5,527","2,906","3,766","6,549"
2021년07월_계_90~99세,"53,391","3,968","1,256","1,167",696,849,"4,131",876,836,"2,419","1,900","2,191",980,"1,211","3,123","1,097","1,966",598,"2,200","1,284",916,"5,022","2,130","1,446","1,446",379,671,"2,765",528,"1,447","1,203",745,"1,061","4,314","1,189","1,736","1,389","2,127",950,"1,091","1,635","2,134","1,284","1,081",972,861,410,518,"1,019"
2021년07월_계_100세 이상,"2,312",202,61,57,45,39,200,60,60,80,75,93,43,50,156,36,92,25,93,51,42,177,91,42,44,11,53,141,25,106,43,22,57,151,42,61,48,73,32,38,57,82,52,46,37,30,26,37,44
2021년07월_남_총인구수,"6,801,008","595,883","135,998","184,424","92,352","183,109","461,613","119,613","108,571","233,429","227,975","271,356","119,435","151,921","401,645","145,781","286,588","46,675","335,750","180,042","155,708","529,135","237,593","146,087","145,455","34,151","96,227","360,803","119,588","267,186","133,999","81,009","154,574","535,521","134,410","217,479","183,632","240,306","114,913","97,699","242,493","453,495","196,660","119,411","78,351","57,076","22,518","32,114","60,513"
2021년07월_남_연령구간인구수,"6,801,008","595,883","135,998","184,424","92,352","183,109","461,613","119,613","108,571","233,429","227,975","271,356","119,435","151,921","401,645","145,781","286,588","46,675","335,750","180,042","155,708","529,135","237,593","146,087","145,455","34,151","96,227","360,803","119,588","267,186","133,999","81,009","154,574","535,521","134,410","217,479","183,632","240,306","114,913","97,699","242,493","453,495","196,660","119,411","78,351","57,076","22,518","32,114","60,513"
2021년07월_남_0~9세,"573,001","48,127","8,826","15,975","5,228","18,098","34,196","7,636","6,554","20,006","17,353","19,625","7,624","12,001","28,090","11,451","25,123","3,083","21,949","11,581","10,368","40,827","19,317","10,486","11,024","3,148","7,442","32,870","11,577","24,731","9,909","6,630","15,997","49,760","10,495","21,082","18,183","22,196","9,431","6,959","28,010","52,383","17,395","10,243","4,222","3,656","1,312","1,638","3,668"
2021년07월_남_10~19세,"681,871","60,096","14,563","17,005","7,189","21,339","44,022","8,692","8,265","27,065","21,576","26,634","9,604","17,030","35,240","15,442","27,801","4,274","32,181","17,291","14,890","52,730","21,097","14,890","16,743","3,487","9,066","40,099","12,744","25,874","13,408","7,319","13,687","63,088","14,078","25,885","23,125","25,432","12,221","9,540","25,049","50,476","17,489","12,395","6,236","4,927","1,632","2,398","5,308"
2021년07월_남_20~29세,"952,920","97,529","23,700","27,971","15,668","30,190","66,380","18,078","15,849","32,453","32,861","39,558","17,801","21,757","59,067","19,533","42,026","6,040","56,620","31,186","25,434","76,227","32,255","22,411","21,561","4,891","13,674","44,789","17,051","37,964","19,483","12,118","19,184","71,957","18,982","29,692","23,283","31,181","17,427","12,783","27,332","58,498","23,980","14,830","10,425","6,669","3,343","3,569","5,931"
2021년07월_남_30~39세,"980,593","92,497","16,818","29,794","14,571","31,314","69,040","18,693","16,803","33,544","30,624","39,636","17,432","22,204","58,365","20,576","45,699","5,197","46,542","23,986","22,556","71,037","34,569","18,874","17,594","4,868","12,772","44,146","20,679","42,026","19,425","11,685","26,028","70,321","17,908","28,230","24,183","35,527","16,425","12,554","37,384","78,704","29,176","14,637","8,176","5,964","2,368","3,036","5,479"
2021년07월_남_40~49세,"1,167,605","100,766","21,722","31,397","14,534","33,113","75,976","19,271","17,018","39,687","37,161","42,476","17,730","24,746","63,928","24,988","51,179","7,199","54,175","28,901","25,274","87,021","39,372","23,936","23,713","5,084","15,972","65,684","23,252","49,767","21,367","11,979","28,613","97,903","22,942","40,502","34,459","41,756","17,976","16,130","47,397","89,560","35,627","20,668","10,734","8,188","2,622","4,201","8,256"
2021년07월_남_50~59세,"1,139,981","97,915","24,271","30,299","15,834","27,511","77,341","20,447","18,982","37,912","39,647","46,704","20,978","25,726","70,370","24,484","46,797","8,633","65,017","35,137","29,880","96,283","41,631","27,346","27,306","5,823","17,254","61,248","17,638","46,969","23,137","14,030","22,065","85,624","22,484","34,482","28,658","39,159","18,328","16,731","34,882","63,982","32,821","20,395","15,975","10,486","3,765","5,885","10,593"
2021년07월_남_60~69세,"808,530","63,464","16,049","21,003","11,869","14,543","57,782","16,633","15,797","25,352","29,087","36,560","17,746","18,814","57,125","18,529","29,680","6,777","40,254","21,299","18,955","64,696","29,957","17,744","16,995","4,233","12,758","43,031","10,568","27,369","17,306","11,259","18,149","53,562","16,931","20,280","16,351","26,372","14,244","13,694","25,537","38,632","25,605","15,450","14,124","10,013","4,078","6,565","12,027"
2021년07월_남_70~79세,"350,473","25,356","6,906","8,018","5,383","5,049","26,195","7,608","7,021","11,566","13,734","14,671","7,740","6,931","21,790","7,976","12,583","3,624","13,558","7,486","6,072","26,521","13,155","6,724","6,642","1,773","5,213","20,790","4,396","9,086","6,849","4,299","8,416","29,844","7,509","11,798","10,537","12,700","6,055","6,305","12,286","15,314","10,878","7,673","5,753","4,900","2,231","3,225","6,479"
2021년07월_남_80~89세,"132,910","9,196","2,819","2,691","1,902","1,784","9,612","2,337","2,113","5,162","5,477","4,959","2,555","2,404","6,932","2,562","5,215","1,682","4,967","2,870","2,097","12,479","5,692","3,300","3,487",745,"1,882","7,472","1,570","3,082","2,783","1,518","2,190","12,282","2,806","5,036","4,440","5,428","2,576","2,775","4,224","5,490","3,402","2,875","2,452","2,065","1,049","1,446","2,523"
2021년07월_남_90~99세,"12,574",891,309,258,163,161,"1,022",201,158,663,441,510,214,296,698,232,459,163,465,293,172,"1,271",528,361,382,96,173,643,106,288,322,169,233,"1,156",267,482,407,538,223,222,379,438,275,235,240,200,110,137,239
2021년07월_남_100세 이상,550,46,15,13,11,7,47,17,11,19,14,23,11,12,40,8,26,3,22,12,10,43,20,15,8,3,21,31,7,30,10,3,12,24,8,10,6,17,7,6,13,18,12,10,14,8,8,14,10
2021년07월_여_총인구수,"6,711,859","587,732","134,046","180,733","90,846","182,107","470,143","116,738","105,618","247,787","234,613","277,604","119,204","158,400","408,424","149,779","265,015","46,772","318,928","172,856","146,072","551,910","243,460","154,145","154,305","35,358","97,727","364,228","111,069","244,561","136,294","81,916","153,816","543,528","127,072","223,151","193,305","233,367","106,784","91,599","241,988","419,042","188,340","116,084","69,504","55,127","20,467","30,234","59,906"
2021년07월_여_연령구간인구수,"6,711,859","587,732","134,046","180,733","90,846","182,107","470,143","116,738","105,618","247,787","234,613","277,604","119,204","158,400","408,424","149,779","265,015","46,772","318,928","172,856","146,072","551,910","243,460","154,145","154,305","35,358","97,727","364,228","111,069","244,561","136,294","81,916","153,816","543,528","127,072","223,151","193,305","233,367","106,784","91,599","241,988","419,042","188,340","116,084","69,504","55,127","20,467","30,234","59,906"
2021년07월_여_0~9세,"546,412","45,244","8,365","14,996","5,120","16,763","32,646","7,458","6,255","18,933","16,296","18,945","7,418","11,527","26,500","10,997","24,281","2,909","21,027","11,184","9,843","39,200","18,597","9,941","10,662","2,894","7,026","30,997","11,068","24,007","9,533","6,185","15,261","47,572","10,069","19,943","17,560","21,265","8,834","6,552","26,923","50,058","16,482","9,838","4,008","3,448","1,291","1,616","3,509"
2021년07월_여_10~19세,"644,449","56,244","13,287","15,787","6,887","20,283","41,923","8,316","7,780","25,827","20,159","24,732","8,787","15,945","33,497","14,516","26,067","4,208","30,342","16,474","13,868","50,362","20,132","14,076","16,154","3,291","8,505","38,025","12,174","24,501","12,426","6,920","13,337","59,414","12,464","24,603","22,347","24,127","11,126","8,803","24,072","48,483","16,720","11,939","5,640","4,609","1,454","2,190","4,643"
2021년07월_여_20~29세,"856,390","87,902","19,616","25,473","14,781","28,032","63,117","16,304","14,733","32,080","32,009","36,881","16,308","20,573","55,568","17,963","34,214","5,075","49,822","27,393","22,429","72,718","30,184","22,139","20,395","4,412","12,889","41,242","14,468","32,091","17,945","10,899","18,759","66,403","15,870","27,336","23,197","27,137","13,311","10,302","25,743","49,149","21,159","12,907","7,555","5,516","1,898","2,622","4,714"
2021년07월_여_30~39세,"917,908","84,607","15,136","27,012","12,251","30,208","66,344","16,276","14,320","35,748","29,331","37,458","15,588","21,870","54,953","19,959","37,667","4,780","38,689","20,174","18,515","71,854","34,019","19,522","18,313","4,918","12,575","45,305","17,401","36,503","17,988","11,013","25,463","71,989","15,798","29,536","26,655","31,757","14,083","10,326","38,840","71,924","27,008","13,780","6,418","5,308","1,790","2,560","5,317"
2021년07월_여_40~49세,"1,127,830","99,391","22,202","29,380","13,503","34,306","78,078","17,215","15,277","45,586","36,728","44,015","16,775","27,240","62,807","25,607","44,502","6,739","51,489","27,766","23,723","92,711","39,278","26,579","26,854","5,373","16,036","65,532","20,431","42,518","21,869","12,174","26,220","100,660","20,621","42,364","37,675","39,768","16,789","14,081","43,828","78,653","31,842","19,350","9,216","7,599","2,177","3,617","8,030"
2021년07월_여_50~59세,"1,109,266","98,210","24,298","31,099","15,350","27,463","77,166","19,580","18,369","39,217","40,967","49,525","21,847","27,678","74,654","24,598","42,018","7,753","62,582","33,983","28,599","99,603","41,920","28,867","28,816","6,267","17,752","58,662","16,080","42,341","24,312","15,149","22,065","82,821","21,070","33,780","27,971","35,785","16,858","14,800","33,413","54,899","31,402","18,586","13,048","9,517","3,211","5,200","10,022"
2021년07월_여_60~69세,"817,152","64,815","16,455","21,472","12,379","14,509","60,311","17,599","16,124","26,588","30,978","37,703","18,291","19,412","59,140","20,478","29,280","6,965","36,620","19,634","16,986","64,489","30,568","17,245","16,676","4,443","12,876","45,280","10,804","24,205","17,959","11,336","19,440","58,190","16,645","22,889","18,656","26,353","13,532","13,380","26,980","37,059","25,521","15,273","12,009","9,660","3,788","6,140","12,145"
2021년07월_여_70~79세,"419,290","31,255","8,762","9,464","6,666","6,363","31,360","9,177","8,271","13,912","17,445","17,132","8,786","8,346","25,274","9,682","15,987","4,985","16,457","9,425","7,032","35,140","17,175","8,819","9,146","2,179","6,381","24,681","5,520","10,837","8,283","4,813","8,471","36,122","8,703","14,625","12,794","16,082","7,071","7,448","14,042","17,338","11,679","8,794","6,573","5,325","2,683","3,565","6,686"
2021년07월_여_80~89세,"230,583","16,831","4,932","5,097","3,342","3,460","15,936","4,095","3,762","8,079","9,180","9,462","4,606","4,856","13,490","5,086","9,426","2,901","10,094","5,793","4,301","21,948","9,914","5,845","6,189","1,290","3,157","12,272","2,683","6,323","5,065","2,832","3,927","17,072","4,876","6,770","5,426","9,448","4,428","5,006","6,847","9,719","5,478","4,735","4,282","3,462","1,857","2,320","4,026"
2021년07월_여_90~99세,"40,817","3,077",947,909,533,688,"3,109",675,678,"1,756","1,459","1,681",766,915,"2,425",865,"1,507",435,"1,735",991,744,"3,751","1,602","1,085","1,064",283,498,"2,122",422,"1,159",881,576,828,"3,158",922,"1,254",982,"1,589",727,869,"1,256","1,696","1,009",846,732,661,300,381,780
2021년07월_여_100세 이상,"1,762",156,46,44,34,32,153,43,49,61,61,70,32,38,116,28,66,22,71,39,32,134,71,27,36,8,32,110,18,76,33,19,45,127,34,51,42,56,25,32,44,64,40,36,23,22,18,23,34
2021년08월_계_총인구수,"13,530,519","1,183,419","269,906","365,103","183,288","365,122","931,931","235,720","213,784","482,427","463,373","548,491","239,071","309,420","809,559","295,335","554,511","93,414","654,477","352,166","302,311","1,080,896","481,641","299,985","299,270","69,640","193,662","727,221","230,555","511,807","269,752","163,510","310,365","1,080,325","262,030","441,375","376,920","476,044","222,883","189,641","485,221","875,987","385,808","235,828","148,296","112,289","42,942","62,383","120,954"
2021년08월_계_연령구간인구수,"13,530,519","1,183,419","269,906","365,103","183,288","365,122","931,931","235,720","213,784","482,427","463,373","548,491","239,071","309,420","809,559","295,335","554,511","93,414","654,477","352,166","302,311","1,080,896","481,641","299,985","299,270","69,640","193,662","727,221","230,555","511,807","269,752","163,510","310,365","1,080,325","262,030","441,375","376,920","476,044","222,883","189,641","485,221","875,987","385,808","235,828","148,296","112,289","42,942","62,383","120,954"
2021년08월_계_0~9세,"1,115,729","92,804","17,083","30,769","10,305","34,647","66,673","14,935","12,720","39,018","33,597","38,414","15,032","23,382","54,270","22,356","49,589","5,958","42,718","22,534","20,184","79,561","37,770","20,294","21,497","6,050","14,394","63,796","22,422","48,477","19,213","12,804","31,439","96,895","20,422","40,886","35,587","43,519","18,212","13,424","54,771","102,341","33,742","20,029","8,188","7,063","2,599","3,214","7,197"
2021년08월_계_10~19세,"1,327,046","116,023","27,765","32,698","13,999","41,561","85,877","16,950","15,942","52,985","41,795","51,186","18,335","32,851","68,595","29,892","53,921","8,453","62,144","33,539","28,605","102,908","41,193","28,861","32,854","6,761","17,511","78,265","24,894","50,370","25,732","14,246","27,314","122,768","26,817","50,482","45,469","49,740","23,592","18,391","49,304","99,539","34,263","24,356","11,962","9,521","3,070","4,583","10,070"
2021년08월_계_20~29세,"1,809,234","185,418","43,253","53,387","30,524","58,254","129,163","34,137","30,553","64,473","64,818","76,183","34,074","42,109","114,249","37,388","76,777","11,104","106,321","58,405","47,916","148,486","62,447","44,408","41,631","9,330","26,445","86,278","31,461","69,860","37,262","23,024","38,083","138,556","34,969","57,157","46,430","58,693","31,094","23,182","52,906","107,983","45,167","27,748","18,051","12,152","5,209","6,163","10,680"
2021년08월_계_30~39세,"1,898,766","176,883","31,852","56,745","26,904","61,382","135,371","34,804","31,048","69,519","60,080","77,223","33,230","43,993","113,003","40,537","84,010","9,977","85,208","44,022","41,186","142,774","68,603","38,325","35,846","9,821","25,268","89,521","37,883","78,448","37,281","22,793","51,634","142,144","33,659","57,784","50,701","67,606","30,665","22,876","76,098","150,854","56,109","28,361","14,594","11,231","4,139","5,586","10,788"
2021년08월_계_40~49세,"2,295,088","199,765","43,810","60,741","27,933","67,281","153,835","36,330","32,160","85,345","73,828","86,207","34,481","51,726","126,410","50,426","96,067","13,876","105,259","56,389","48,870","179,264","78,656","50,260","50,348","10,421","31,942","131,480","43,794","92,219","43,054","24,207","55,235","198,354","43,501","82,828","72,025","81,873","34,805","30,161","91,484","168,926","67,524","40,021","19,918","15,771","4,799","7,827","16,336"
2021년08월_계_50~59세,"2,254,613","196,388","48,592","61,477","31,195","55,124","154,663","39,994","37,228","77,441","80,779","96,075","42,878","53,197","145,032","49,049","89,253","16,379","127,762","69,125","58,637","196,136","83,628","56,368","56,140","12,133","34,933","120,400","33,803","89,402","47,450","29,316","44,448","169,099","43,658","68,636","56,805","75,327","35,321","31,625","68,555","119,739","64,554","39,069","29,108","20,046","6,957","11,093","20,719"
2021년08월_계_60~69세,"1,637,036","129,064","32,737","42,684","24,366","29,277","118,737","34,387","32,028","52,322","60,503","74,592","36,260","38,332","116,965","39,182","59,500","13,831","77,543","41,192","36,351","130,198","61,016","35,242","33,940","8,722","25,786","88,964","21,526","51,991","35,481","22,831","37,910","112,427","33,783","43,458","35,186","53,301","28,033","27,258","52,837","76,287","51,474","30,947","26,337","19,794","7,909","12,789","24,317"
2021년08월_계_70~79세,"771,128","56,706","15,686","17,526","12,049","11,445","57,590","16,800","15,299","25,491","31,230","31,851","16,558","15,293","47,188","17,675","28,627","8,600","30,103","16,935","13,168","61,620","30,316","15,515","15,789","3,953","11,558","45,675","9,925","20,000","15,150","9,144","16,976","66,000","16,241","26,422","23,337","28,799","13,140","13,788","26,407","32,764","22,710","16,506","12,335","10,238","4,900","6,778","13,192"
2021년08월_계_80~89세,"365,787","26,180","7,809","7,850","5,261","5,260","25,660","6,445","5,901","13,314","14,762","14,457","7,197","7,260","20,540","7,689","14,705","4,619","15,110","8,683","6,427","34,696","15,757","9,209","9,730","2,054","5,091","19,926","4,284","9,474","7,876","4,379","6,191","29,570","7,734","11,899","9,937","14,959","7,030","7,805","11,162","15,327","8,924","7,661","6,785","5,568","2,927","3,793","6,583"
2021년08월_계_90~99세,"53,757","3,981","1,257","1,166",707,851,"4,164",879,845,"2,440","1,905","2,210",983,"1,227","3,150","1,104","1,967",592,"2,213","1,289",924,"5,072","2,162","1,461","1,449",384,681,"2,776",537,"1,460","1,208",744,"1,078","4,363","1,206","1,760","1,397","2,152",959,"1,093","1,641","2,145","1,287","1,085",978,874,407,521,"1,026"
2021년08월_계_100세 이상,"2,335",207,62,60,45,40,198,59,60,79,76,93,43,50,157,37,95,25,96,53,43,181,93,42,46,11,53,140,26,106,45,22,57,149,40,63,46,75,32,38,56,82,54,45,40,31,26,36,46
2021년08월_남_총인구수,"6,810,105","595,810","135,945","184,433","92,377","183,055","461,612","119,326","108,332","233,954","228,349","271,131","119,678","151,453","401,353","145,603","288,302","46,627","335,701","179,726","155,975","528,972","237,826","145,977","145,169","34,223","96,074","361,913","119,590","267,236","133,758","81,300","155,478","536,223","134,681","217,896","183,646","241,438","115,596","97,911","242,792","455,268","197,056","119,603","78,594","57,131","22,507","32,137","60,817"
2021년08월_남_연령구간인구수,"6,810,105","595,810","135,945","184,433","92,377","183,055","461,612","119,326","108,332","233,954","228,349","271,131","119,678","151,453","401,353","145,603","288,302","46,627","335,701","179,726","155,975","528,972","237,826","145,977","145,169","34,223","96,074","361,913","119,590","267,236","133,758","81,300","155,478","536,223","134,681","217,896","183,646","241,438","115,596","97,911","242,792","455,268","197,056","119,603","78,594","57,131","22,507","32,137","60,817"
2021년08월_남_0~9세,"571,021","47,809","8,777","15,850","5,212","17,970","34,098","7,548","6,505","20,045","17,320","19,552","7,619","11,933","27,926","11,386","25,233","3,061","21,822","11,488","10,334","40,558","19,238","10,416","10,904","3,155","7,411","32,818","11,460","24,585","9,788","6,629","16,075","49,567","10,424","21,014","18,129","22,226","9,393","6,924","27,928","52,311","17,322","10,217","4,193","3,644","1,313","1,616","3,681"
2021년08월_남_10~19세,"682,200","59,937","14,477","16,969","7,159","21,332","43,988","8,669","8,233","27,086","21,643","26,541","9,577","16,964","35,169","15,412","27,807","4,255","32,005","17,181","14,824","52,666","21,092","14,828","16,746","3,465","9,019","40,223","12,725","25,855","13,354","7,310","13,826","63,164","14,175","25,878","23,111","25,509","12,379","9,546","25,135","50,782","17,506","12,393","6,286","4,907","1,633","2,379","5,381"
2021년08월_남_20~29세,"953,039","97,497","23,688","27,942","15,693","30,174","66,227","17,966","15,823","32,438","32,820","39,400","17,791","21,609","58,888","19,439","42,367","6,024","56,563","31,108","25,455","75,986","32,238","22,379","21,369","4,907","13,602","44,887","17,030","37,889","19,387","12,132","19,226","72,150","19,089","29,797","23,264","31,374","17,645","12,850","27,208","58,693","24,016","14,867","10,474","6,650","3,320","3,566","5,955"
2021년08월_남_30~39세,"981,132","92,517","16,800","29,803","14,629","31,285","68,957","18,605","16,747","33,605","30,721","39,707","17,564","22,143","58,194","20,595","46,121","5,202","46,559","23,926","22,633","71,028","34,571","18,850","17,607","4,891","12,734","44,179","20,600","41,999","19,399","11,747","26,079","70,265","17,885","28,257","24,123","35,658","16,505","12,546","37,321","78,882","29,137","14,605","8,167","5,944","2,364","3,037","5,472"
2021년08월_남_40~49세,"1,167,569","100,536","21,664","31,367","14,447","33,058","75,837","19,182","16,941","39,714","37,089","42,381","17,734","24,647","63,764","24,891","51,447","7,153","54,007","28,777","25,230","86,777","39,387","23,818","23,572","5,073","15,968","65,846","23,314","49,754","21,291","12,016","28,776","97,813","22,888","40,506","34,419","41,928","18,018","16,129","47,506","89,867","35,680","20,658","10,741","8,185","2,622","4,211","8,291"
2021년08월_남_50~59세,"1,142,604","98,037","24,273","30,354","15,856","27,554","77,450","20,452","18,918","38,080","39,737","46,647","21,014","25,633","70,374","24,455","47,018","8,636","65,085","35,150","29,935","96,304","41,605","27,408","27,291","5,840","17,202","61,469","17,697","47,000","23,142","14,058","22,257","85,956","22,564","34,662","28,730","39,374","18,405","16,767","35,010","64,418","32,967","20,475","15,997","10,525","3,753","5,893","10,656"
2021년08월_남_60~69세,"814,254","63,881","16,179","21,126","11,912","14,664","58,076","16,714","15,835","25,527","29,292","36,686","17,825","18,861","57,442","18,615","29,962","6,821","40,572","21,422","19,150","65,255","30,242","17,862","17,151","4,265","12,831","43,374","10,664","27,593","17,408","11,383","18,316","53,875","17,022","20,410","16,443","26,655","14,383","13,796","25,688","38,964","25,769","15,559","14,252","10,071","4,101","6,612","12,093"
2021년08월_남_70~79세,"351,154","25,407","6,912","8,041","5,390","5,064","26,227","7,625","7,034","11,568","13,759","14,694","7,760","6,934","21,872","7,988","12,612","3,625","13,620","7,502","6,118","26,473","13,132","6,699","6,642","1,771","5,203","20,877","4,395","9,136","6,858","4,320","8,448","29,853","7,528","11,795","10,530","12,706","6,054","6,331","12,334","15,345","10,952","7,691","5,759","4,903","2,226","3,220","6,495"
2021년08월_남_80~89세,"133,907","9,245","2,850","2,708","1,899","1,788","9,674","2,345","2,128","5,201","5,511","4,986","2,570","2,416","6,977","2,584","5,253","1,688","4,980","2,868","2,112","12,586","5,759","3,334","3,493",757,"1,902","7,563","1,590","3,100","2,800","1,529","2,223","12,393","2,831","5,077","4,485","5,449","2,581","2,794","4,268","5,542","3,424","2,895","2,470","2,087","1,059","1,453","2,544"
2021년08월_남_90~99세,"12,672",898,310,260,169,159,"1,032",204,157,671,443,514,213,301,707,230,455,158,466,292,174,"1,294",541,368,385,96,181,646,108,297,321,173,240,"1,163",267,489,407,541,226,222,380,446,272,233,240,207,108,136,239
2021년08월_남_100세 이상,553,46,15,13,11,7,46,16,11,19,14,23,11,12,40,8,27,4,22,12,10,45,21,15,9,3,21,31,7,28,10,3,12,24,8,11,5,18,7,6,14,18,11,10,15,8,8,14,10
2021년08월_여_총인구수,"6,720,414","587,609","133,961","180,670","90,911","182,067","470,319","116,394","105,452","248,473","235,024","277,360","119,393","157,967","408,206","149,732","266,209","46,787","318,776","172,440","146,336","551,924","243,815","154,008","154,101","35,417","97,588","365,308","110,965","244,571","135,994","82,210","154,887","544,102","127,349","223,479","193,274","234,606","107,287","91,730","242,429","420,719","188,752","116,225","69,702","55,158","20,435","30,246","60,137"
2021년08월_여_연령구간인구수,"6,720,414","587,609","133,961","180,670","90,911","182,067","470,319","116,394","105,452","248,473","235,024","277,360","119,393","157,967","408,206","149,732","266,209","46,787","318,776","172,440","146,336","551,924","243,815","154,008","154,101","35,417","97,588","365,308","110,965","244,571","135,994","82,210","154,887","544,102","127,349","223,479","193,274","234,606","107,287","91,730","242,429","420,719","188,752","116,225","69,702","55,158","20,435","30,246","60,137"
2021년08월_여_0~9세,"544,708","44,995","8,306","14,919","5,093","16,677","32,575","7,387","6,215","18,973","16,277","18,862","7,413","11,449","26,344","10,970","24,356","2,897","20,896","11,046","9,850","39,003","18,532","9,878","10,593","2,895","6,983","30,978","10,962","23,892","9,425","6,175","15,364","47,328","9,998","19,872","17,458","21,293","8,819","6,500","26,843","50,030","16,420","9,812","3,995","3,419","1,286","1,598","3,516"
2021년08월_여_10~19세,"644,846","56,086","13,288","15,729","6,840","20,229","41,889","8,281","7,709","25,899","20,152","24,645","8,758","15,887","33,426","14,480","26,114","4,198","30,139","16,358","13,781","50,242","20,101","14,033","16,108","3,296","8,492","38,042","12,169","24,515","12,378","6,936","13,488","59,604","12,642","24,604","22,358","24,231","11,213","8,845","24,169","48,757","16,757","11,963","5,676","4,614","1,437","2,204","4,689"
2021년08월_여_20~29세,"856,195","87,921","19,565","25,445","14,831","28,080","62,936","16,171","14,730","32,035","31,998","36,783","16,283","20,500","55,361","17,949","34,410","5,080","49,758","27,297","22,461","72,500","30,209","22,029","20,262","4,423","12,843","41,391","14,431","31,971","17,875","10,892","18,857","66,406","15,880","27,360","23,166","27,319","13,449","10,332","25,698","49,290","21,151","12,881","7,577","5,502","1,889","2,597","4,725"
2021년08월_여_30~39세,"917,634","84,366","15,052","26,942","12,275","30,097","66,414","16,199","14,301","35,914","29,359","37,516","15,666","21,850","54,809","19,942","37,889","4,775","38,649","20,096","18,553","71,746","34,032","19,475","18,239","4,930","12,534","45,342","17,283","36,449","17,882","11,046","25,555","71,879","15,774","29,527","26,578","31,948","14,160","10,330","38,777","71,972","26,972","13,756","6,427","5,287","1,775","2,549","5,316"
2021년08월_여_40~49세,"1,127,519","99,229","22,146","29,374","13,486","34,223","77,998","17,148","15,219","45,631","36,739","43,826","16,747","27,079","62,646","25,535","44,620","6,723","51,252","27,612","23,640","92,487","39,269","26,442","26,776","5,348","15,974","65,634","20,480","42,465","21,763","12,191","26,459","100,541","20,613","42,322","37,606","39,945","16,787","14,032","43,978","79,059","31,844","19,363","9,177","7,586","2,177","3,616","8,045"
2021년08월_여_50~59세,"1,112,009","98,351","24,319","31,123","15,339","27,570","77,213","19,542","18,310","39,361","41,042","49,428","21,864","27,564","74,658","24,594","42,235","7,743","62,677","33,975","28,702","99,832","42,023","28,960","28,849","6,293","17,731","58,931","16,106","42,402","24,308","15,258","22,191","83,143","21,094","33,974","28,075","35,953","16,916","14,858","33,545","55,321","31,587","18,594","13,111","9,521","3,204","5,200","10,063"
2021년08월_여_60~69세,"822,782","65,183","16,558","21,558","12,454","14,613","60,661","17,673","16,193","26,795","31,211","37,906","18,435","19,471","59,523","20,567","29,538","7,010","36,971","19,770","17,201","64,943","30,774","17,380","16,789","4,457","12,955","45,590","10,862","24,398","18,073","11,448","19,594","58,552","16,761","23,048","18,743","26,646","13,650","13,462","27,149","37,323","25,705","15,388","12,085","9,723","3,808","6,177","12,224"
2021년08월_여_70~79세,"419,974","31,299","8,774","9,485","6,659","6,381","31,363","9,175","8,265","13,923","17,471","17,157","8,798","8,359","25,316","9,687","16,015","4,975","16,483","9,433","7,050","35,147","17,184","8,816","9,147","2,182","6,355","24,798","5,530","10,864","8,292","4,824","8,528","36,147","8,713","14,627","12,807","16,093","7,086","7,457","14,073","17,419","11,758","8,815","6,576","5,335","2,674","3,558","6,697"
2021년08월_여_80~89세,"231,880","16,935","4,959","5,142","3,362","3,472","15,986","4,100","3,773","8,113","9,251","9,471","4,627","4,844","13,563","5,105","9,452","2,931","10,130","5,815","4,315","22,110","9,998","5,875","6,237","1,297","3,189","12,363","2,694","6,374","5,076","2,850","3,968","17,177","4,903","6,822","5,452","9,510","4,449","5,011","6,894","9,785","5,500","4,766","4,315","3,481","1,868","2,340","4,039"
2021년08월_여_90~99세,"41,085","3,083",947,906,538,692,"3,132",675,688,"1,769","1,462","1,696",770,926,"2,443",874,"1,512",434,"1,747",997,750,"3,778","1,621","1,093","1,064",288,500,"2,130",429,"1,163",887,571,838,"3,200",939,"1,271",990,"1,611",733,871,"1,261","1,699","1,015",852,738,667,299,385,787
2021년08월_여_100세 이상,"1,782",161,47,47,34,33,152,43,49,60,62,70,32,38,117,29,68,21,74,41,33,136,72,27,37,8,32,109,19,78,35,19,45,125,32,52,41,57,25,32,42,64,43,35,25,23,18,22,36
2021년09월_계_총인구수,"13,542,284","1,184,754","272,625","364,671","182,925","364,533","931,760","235,530","213,280","482,950","463,562","548,074","239,356","308,718","809,083","294,895","557,450","93,479","654,270","351,800","302,470","1,080,787","481,890","299,928","298,969","69,732","193,410","728,664","230,395","511,900","269,507","163,715","312,159","1,080,027","261,553","441,960","376,514","477,819","223,482","189,747","485,647","878,879","386,301","236,028","148,434","112,151","42,842","62,334","120,997"
2021년09월_계_연령구간인구수,"13,542,284","1,184,754","272,625","364,671","182,925","364,533","931,760","235,530","213,280","482,950","463,562","548,074","239,356","308,718","809,083","294,895","557,450","93,479","654,270","351,800","302,470","1,080,787","481,890","299,928","298,969","69,732","193,410","728,664","230,395","511,900","269,507","163,715","312,159","1,080,027","261,553","441,960","376,514","477,819","223,482","189,747","485,647","878,879","386,301","236,028","148,434","112,151","42,842","62,334","120,997"
2021년09월_계_0~9세,"1,111,291","92,503","17,527","30,455","10,173","34,348","66,429","14,908","12,638","38,883","33,364","38,234","15,041","23,193","53,978","22,258","49,777","5,936","42,428","22,351","20,077","79,202","37,639","20,154","21,409","6,025","14,321","63,595","22,245","48,222","19,050","12,798","31,512","96,281","20,268","40,623","35,390","43,452","18,157","13,354","54,483","102,101","33,578","19,921","8,155","6,997","2,578","3,189","7,168"
2021년09월_계_10~19세,"1,325,381","115,927","27,932","32,638","13,860","41,497","85,751","16,893","15,885","52,973","41,766","51,132","18,294","32,838","68,414","29,821","53,945","8,443","61,889","33,401","28,488","102,715","41,193","28,783","32,739","6,762","17,462","78,269","24,885","50,352","25,662","14,175","27,552","122,166","26,290","50,496","45,380","49,883","23,409","18,158","49,471","99,903","34,218","24,315","11,880","9,453","3,057","4,561","9,985"
2021년09월_계_20~29세,"1,808,560","185,586","43,624","53,250","30,542","58,170","128,756","33,928","30,383","64,445","64,724","75,932","34,052","41,880","113,915","37,204","77,286","11,067","106,258","58,289","47,969","148,191","62,335","44,398","41,458","9,319","26,327","86,290","31,378","69,629","37,159","23,016","38,161","138,588","34,964","57,265","46,359","58,974","31,299","23,263","52,841","108,368","45,145","27,783","18,063","12,075","5,158","6,153","10,652"
2021년09월_계_30~39세,"1,899,120","177,144","32,563","56,648","26,922","61,011","135,377","34,843","30,989","69,545","60,002","77,185","33,362","43,823","112,880","40,452","84,772","10,015","85,244","43,980","41,264","142,605","68,591","38,285","35,729","9,880","25,296","89,590","37,770","78,202","37,211","22,855","51,951","141,711","33,561","57,679","50,471","67,906","30,805","22,874","75,848","150,979","56,045","28,294","14,632","11,185","4,110","5,571","10,729"
2021년09월_계_40~49세,"2,294,174","199,734","44,152","60,625","27,745","67,212","153,544","36,304","31,993","85,247","73,814","86,006","34,429","51,577","126,086","50,210","96,407","13,859","104,840","56,112","48,728","178,775","78,590","50,069","50,116","10,414","31,811","131,567","43,768","92,260","42,897","24,197","55,553","198,119","43,448","82,770","71,901","82,030","34,862","30,159","91,647","169,569","67,552","39,986","19,848","15,765","4,772","7,803","16,320"
2021년09월_계_50~59세,"2,260,916","196,759","48,879","61,457","31,187","55,236","154,939","39,959","37,177","77,803","80,975","96,045","42,916","53,129","145,156","49,107","89,792","16,380","127,944","69,199","58,745","196,508","83,694","56,501","56,313","12,159","34,932","120,897","33,857","89,627","47,505","29,355","44,796","169,833","43,807","69,026","57,000","75,750","35,504","31,730","68,786","120,517","64,843","39,228","29,122","20,060","6,960","11,084","20,766"
2021년09월_계_60~69세,"1,646,357","129,805","33,038","42,904","24,411","29,452","119,217","34,477","32,113","52,627","60,824","74,791","36,387","38,404","117,366","39,266","59,932","13,927","78,010","41,454","36,556","131,027","61,419","35,492","34,116","8,757","25,878","89,571","21,685","52,415","35,687","22,983","38,181","112,996","33,956","43,781","35,259","53,733","28,218","27,452","53,156","76,916","51,785","31,089","26,528","19,902","7,933","12,850","24,477"
2021년09월_계_70~79세,"771,593","56,714","15,710","17,549","12,027","11,428","57,583","16,810","15,255","25,518","31,252","31,882","16,587","15,295","47,313","17,690","28,663","8,595","30,136","16,918","13,218","61,546","30,281","15,483","15,782","3,961","11,531","45,821","9,930","20,070","15,145","9,173","17,059","65,890","16,214","26,420","23,256","28,736","13,153","13,789","26,467","32,812","22,778","16,551","12,333","10,177","4,891","6,754","13,198"
2021년09월_계_80~89세,"368,251","26,382","7,871","7,903","5,317","5,291","25,765","6,476","5,937","13,352","14,833","14,530","7,238","7,292","20,638","7,737","14,786","4,646","15,189","8,746","6,443","34,948","15,889","9,254","9,805","2,062","5,122","20,069","4,308","9,539","7,923","4,389","6,246","29,915","7,789","12,074","10,052","15,101","7,066","7,817","11,226","15,454","9,008","7,718","6,845","5,613","2,943","3,809","6,624"
2021년09월_계_90~99세,"54,291","3,988","1,265","1,180",694,849,"4,197",872,849,"2,476","1,934","2,246","1,007","1,239","3,181","1,111","1,996",588,"2,236","1,297",939,"5,084","2,164","1,465","1,455",382,678,"2,852",542,"1,477","1,221",751,"1,093","4,379","1,217","1,761","1,401","2,177",976,"1,111","1,668","2,180","1,293","1,099",990,893,414,524,"1,030"
2021년09월_계_100세 이상,"2,350",212,64,62,47,39,202,60,61,81,74,91,43,48,156,39,94,23,96,53,43,186,95,44,47,11,52,143,27,107,47,23,55,149,39,65,45,77,33,40,54,80,56,44,38,31,26,36,48
2021년09월_남_총인구수,"6,816,449","596,543","137,328","184,206","92,230","182,779","461,496","119,231","108,053","234,212","228,451","270,954","119,850","151,104","401,051","145,398","290,020","46,661","335,574","179,537","156,037","528,911","237,936","145,945","145,030","34,275","95,966","362,614","119,558","267,334","133,641","81,403","156,333","535,936","134,369","218,135","183,432","242,418","115,995","97,955","243,017","456,841","197,265","119,717","78,653","57,058","22,453","32,167","60,791"
2021년09월_남_연령구간인구수,"6,816,449","596,543","137,328","184,206","92,230","182,779","461,496","119,231","108,053","234,212","228,451","270,954","119,850","151,104","401,051","145,398","290,020","46,661","335,574","179,537","156,037","528,911","237,936","145,945","145,030","34,275","95,966","362,614","119,558","267,334","133,641","81,403","156,333","535,936","134,369","218,135","183,432","242,418","115,995","97,955","243,017","456,841","197,265","119,717","78,653","57,058","22,453","32,167","60,791"
2021년09월_남_0~9세,"568,695","47,623","8,986","15,679","5,147","17,811","33,959","7,542","6,458","19,959","17,220","19,462","7,621","11,841","27,793","11,328","25,327","3,048","21,686","11,409","10,277","40,382","19,188","10,350","10,844","3,146","7,375","32,746","11,349","24,473","9,717","6,615","16,136","49,238","10,352","20,849","18,037","22,176","9,379","6,885","27,745","52,147","17,206","10,166","4,168","3,621","1,304","1,610","3,665"
2021년09월_남_10~19세,"681,172","59,899","14,535","16,936","7,106","21,322","43,935","8,636","8,191","27,108","21,600","26,506","9,547","16,959","35,065","15,387","27,791","4,250","31,848","17,096","14,752","52,558","21,093","14,764","16,701","3,465","9,010","40,223","12,731","25,828","13,310","7,276","13,936","62,797","13,837","25,900","23,060","25,581","12,251","9,441","25,205","50,982","17,501","12,396","6,243","4,859","1,623","2,369","5,306"
2021년09월_남_20~29세,"953,209","97,560","23,910","27,852","15,698","30,100","66,020","17,869","15,749","32,402","32,778","39,268","17,782","21,486","58,746","19,371","42,720","6,013","56,516","31,043","25,473","75,865","32,183","22,373","21,309","4,911","13,532","44,946","17,021","37,817","19,373","12,119","19,208","72,170","19,056","29,869","23,245","31,628","17,836","12,882","27,193","58,912","24,021","14,895","10,484","6,606","3,284","3,570","5,944"
2021년09월_남_30~39세,"981,765","92,775","17,166","29,824","14,649","31,136","68,998","18,621","16,726","33,651","30,678","39,710","17,649","22,061","58,154","20,563","46,601","5,230","46,623","23,921","22,702","70,989","34,571","18,864","17,554","4,912","12,743","44,204","20,532","41,869","19,372","11,781","26,249","70,075","17,841","28,230","24,004","35,777","16,593","12,527","37,231","79,007","29,077","14,575","8,194","5,909","2,347","3,039","5,431"
2021년09월_남_40~49세,"1,167,209","100,550","21,862","31,322","14,371","32,995","75,611","19,159","16,833","39,619","37,119","42,311","17,715","24,596","63,542","24,759","51,682","7,135","53,799","28,653","25,146","86,525","39,357","23,703","23,465","5,078","15,918","65,844","23,317","49,808","21,220","12,020","28,902","97,714","22,918","40,443","34,353","42,061","18,071","16,150","47,586","90,193","35,687","20,630","10,692","8,181","2,611","4,204","8,289"
2021년09월_남_50~59세,"1,145,469","98,212","24,426","30,321","15,838","27,627","77,605","20,448","18,896","38,261","39,826","46,635","21,038","25,597","70,392","24,491","47,340","8,651","65,169","35,172","29,997","96,390","41,583","27,475","27,332","5,847","17,173","61,720","17,735","47,064","23,125","14,077","22,434","86,236","22,603","34,808","28,825","39,574","18,480","16,799","35,137","64,801","33,118","20,550","15,995","10,534","3,770","5,905","10,684"
2021년09월_남_60~69세,"819,154","64,227","16,320","21,224","11,939","14,744","58,337","16,759","15,870","25,708","29,449","36,777","17,901","18,876","57,636","18,655","30,173","6,859","40,817","21,558","19,259","65,724","30,475","17,995","17,254","4,281","12,891","43,662","10,748","27,824","17,510","11,467","18,473","54,233","17,137","20,600","16,496","26,863","14,483","13,895","25,863","39,333","25,906","15,635","14,377","10,135","4,112","6,640","12,169"
2021년09월_남_70~79세,"351,452","25,421","6,924","8,043","5,375","5,079","26,221","7,632","7,003","11,586","13,770","14,702","7,770","6,932","21,959","8,010","12,613","3,626","13,611","7,481","6,130","26,444","13,099","6,688","6,657","1,775","5,204","20,945","4,404","9,196","6,852","4,333","8,491","29,718","7,487","11,774","10,457","12,693","6,065","6,342","12,366","15,405","11,010","7,701","5,750","4,891","2,220","3,214","6,500"
2021년09월_남_80~89세,"134,974","9,338","2,877","2,734","1,928","1,799","9,730","2,350","2,158","5,222","5,542","5,043","2,597","2,446","7,002","2,594","5,279","1,689","5,013","2,901","2,112","12,679","5,815","3,344","3,520",763,"1,916","7,633","1,604","3,131","2,827","1,537","2,251","12,580","2,871","5,167","4,542","5,504","2,599","2,799","4,282","5,586","3,455","2,924","2,491","2,103","1,063","1,465","2,552"
2021년09월_남_90~99세,"12,786",892,308,258,168,158,"1,034",199,158,677,455,517,219,298,723,231,468,156,470,291,179,"1,308",550,374,384,94,183,659,110,296,324,175,241,"1,151",259,483,409,542,230,228,395,456,271,234,244,211,111,137,240
2021년09월_남_100세 이상,564,46,14,13,11,8,46,16,11,19,14,23,11,12,39,9,26,4,22,12,10,47,22,15,10,3,21,32,7,28,11,3,12,24,8,12,4,19,8,7,14,19,13,11,15,8,8,14,11
2021년09월_여_총인구수,"6,725,835","588,211","135,297","180,465","90,695","181,754","470,264","116,299","105,227","248,738","235,111","277,120","119,506","157,614","408,032","149,497","267,430","46,818","318,696","172,263","146,433","551,876","243,954","153,983","153,939","35,457","97,444","366,050","110,837","244,566","135,866","82,312","155,826","544,091","127,184","223,825","193,082","235,401","107,487","91,792","242,630","422,038","189,036","116,311","69,781","55,093","20,389","30,167","60,206"
2021년09월_여_연령구간인구수,"6,725,835","588,211","135,297","180,465","90,695","181,754","470,264","116,299","105,227","248,738","235,111","277,120","119,506","157,614","408,032","149,497","267,430","46,818","318,696","172,263","146,433","551,876","243,954","153,983","153,939","35,457","97,444","366,050","110,837","244,566","135,866","82,312","155,826","544,091","127,184","223,825","193,082","235,401","107,487","91,792","242,630","422,038","189,036","116,311","69,781","55,093","20,389","30,167","60,206"
2021년09월_여_0~9세,"542,596","44,880","8,541","14,776","5,026","16,537","32,470","7,366","6,180","18,924","16,144","18,772","7,420","11,352","26,185","10,930","24,450","2,888","20,742","10,942","9,800","38,820","18,451","9,804","10,565","2,879","6,946","30,849","10,896","23,749","9,333","6,183","15,376","47,043","9,916","19,774","17,353","21,276","8,778","6,469","26,738","49,954","16,372","9,755","3,987","3,376","1,274","1,579","3,503"
2021년09월_여_10~19세,"644,209","56,028","13,397","15,702","6,754","20,175","41,816","8,257","7,694","25,865","20,166","24,626","8,747","15,879","33,349","14,434","26,154","4,193","30,041","16,305","13,736","50,157","20,100","14,019","16,038","3,297","8,452","38,046","12,154","24,524","12,352","6,899","13,616","59,369","12,453","24,596","22,320","24,302","11,158","8,717","24,266","48,921","16,717","11,919","5,637","4,594","1,434","2,192","4,679"
2021년09월_여_20~29세,"855,351","88,026","19,714","25,398","14,844","28,070","62,736","16,059","14,634","32,043","31,946","36,664","16,270","20,394","55,169","17,833","34,566","5,054","49,742","27,246","22,496","72,326","30,152","22,025","20,149","4,408","12,795","41,344","14,357","31,812","17,786","10,897","18,953","66,418","15,908","27,396","23,114","27,346","13,463","10,381","25,648","49,456","21,124","12,888","7,579","5,469","1,874","2,583","4,708"
2021년09월_여_30~39세,"917,355","84,369","15,397","26,824","12,273","29,875","66,379","16,222","14,263","35,894","29,324","37,475","15,713","21,762","54,726","19,889","38,171","4,785","38,621","20,059","18,562","71,616","34,020","19,421","18,175","4,968","12,553","45,386","17,238","36,333","17,839","11,074","25,702","71,636","15,720","29,449","26,467","32,129","14,212","10,347","38,617","71,972","26,968","13,719","6,438","5,276","1,763","2,532","5,298"
2021년09월_여_40~49세,"1,126,965","99,184","22,290","29,303","13,374","34,217","77,933","17,145","15,160","45,628","36,695","43,695","16,714","26,981","62,544","25,451","44,725","6,724","51,041","27,459","23,582","92,250","39,233","26,366","26,651","5,336","15,893","65,723","20,451","42,452","21,677","12,177","26,651","100,405","20,530","42,327","37,548","39,969","16,791","14,009","44,061","79,376","31,865","19,356","9,156","7,584","2,161","3,599","8,031"
2021년09월_여_50~59세,"1,115,447","98,547","24,453","31,136","15,349","27,609","77,334","19,511","18,281","39,542","41,149","49,410","21,878","27,532","74,764","24,616","42,452","7,729","62,775","34,027","28,748","100,118","42,111","29,026","28,981","6,312","17,759","59,177","16,122","42,563","24,380","15,278","22,362","83,597","21,204","34,218","28,175","36,176","17,024","14,931","33,649","55,716","31,725","18,678","13,127","9,526","3,190","5,179","10,082"
2021년09월_여_60~69세,"827,203","65,578","16,718","21,680","12,472","14,708","60,880","17,718","16,243","26,919","31,375","38,014","18,486","19,528","59,730","20,611","29,759","7,068","37,193","19,896","17,297","65,303","30,944","17,497","16,862","4,476","12,987","45,909","10,937","24,591","18,177","11,516","19,708","58,763","16,819","23,181","18,763","26,870","13,735","13,557","27,293","37,583","25,879","15,454","12,151","9,767","3,821","6,210","12,308"
2021년09월_여_70~79세,"420,141","31,293","8,786","9,506","6,652","6,349","31,362","9,178","8,252","13,932","17,482","17,180","8,817","8,363","25,354","9,680","16,050","4,969","16,525","9,437","7,088","35,102","17,182","8,795","9,125","2,186","6,327","24,876","5,526","10,874","8,293","4,840","8,568","36,172","8,727","14,646","12,799","16,043","7,088","7,447","14,101","17,407","11,768","8,850","6,583","5,286","2,671","3,540","6,698"
2021년09월_여_80~89세,"233,277","17,044","4,994","5,169","3,389","3,492","16,035","4,126","3,779","8,130","9,291","9,487","4,641","4,846","13,636","5,143","9,507","2,957","10,176","5,845","4,331","22,269","10,074","5,910","6,285","1,299","3,206","12,436","2,704","6,408","5,096","2,852","3,995","17,335","4,918","6,907","5,510","9,597","4,467","5,018","6,944","9,868","5,553","4,794","4,354","3,510","1,880","2,344","4,072"
2021년09월_여_90~99세,"41,505","3,096",957,922,526,691,"3,163",673,691,"1,799","1,479","1,729",788,941,"2,458",880,"1,528",432,"1,766","1,006",760,"3,776","1,614","1,091","1,071",288,495,"2,193",432,"1,181",897,576,852,"3,228",958,"1,278",992,"1,635",746,883,"1,273","1,724","1,022",865,746,682,303,387,790
2021년09월_여_100세 이상,"1,786",166,50,49,36,31,156,44,50,62,60,68,32,36,117,30,68,19,74,41,33,139,73,29,37,8,31,111,20,79,36,20,43,125,31,53,41,58,25,33,40,61,43,33,23,23,18,22,37
2021년10월_계_총인구수,"13,549,577","1,185,276","273,854","364,416","182,600","364,406","931,319","235,980","212,478","482,861","463,665","547,258","239,203","308,055","808,047","294,458","559,363","93,508","654,117","351,747","302,370","1,080,240","481,840","299,757","298,643","69,910","193,014","729,918","230,403","511,888","269,215","163,704","314,866","1,079,609","261,166","442,335","376,108","479,183","224,066","189,732","485,859","881,154","386,496","236,205","148,618","112,260","42,797","62,241","121,188"
2021년10월_계_연령구간인구수,"13,549,577","1,185,276","273,854","364,416","182,600","364,406","931,319","235,980","212,478","482,861","463,665","547,258","239,203","308,055","808,047","294,458","559,363","93,508","654,117","351,747","302,370","1,080,240","481,840","299,757","298,643","69,910","193,014","729,918","230,403","511,888","269,215","163,704","314,866","1,079,609","261,166","442,335","376,108","479,183","224,066","189,732","485,859","881,154","386,496","236,205","148,618","112,260","42,797","62,241","121,188"
2021년10월_계_0~9세,"1,106,832","92,127","17,640","30,202","10,111","34,174","66,062","14,976","12,461","38,625","33,247","37,997","14,988","23,009","53,573","22,110","49,782","5,897","42,232","22,197","20,035","78,715","37,411","20,041","21,263","6,027","14,191","63,396","22,117","47,971","18,923","12,735","32,040","95,778","20,185","40,392","35,201","43,346","18,113","13,297","54,173","101,759","33,415","19,840","8,139","6,946","2,568","3,184","7,132"
2021년10월_계_10~19세,"1,324,001","115,812","27,926","32,638","13,786","41,462","85,657","16,909","15,797","52,951","41,702","50,994","18,254","32,740","68,280","29,746","54,037","8,409","61,726","33,383","28,343","102,619","41,186","28,781","32,652","6,744","17,429","78,253","24,873","50,301","25,599","14,169","27,753","121,521","25,718","50,498","45,305","49,958","23,254","18,013","49,625","100,268","34,183","24,269","11,844","9,461","3,050","4,505","9,947"
2021년10월_계_20~29세,"1,805,465","185,274","43,708","53,085","30,448","58,033","128,387","33,845","30,237","64,305","64,539","75,534","33,899","41,635","113,267","37,073","77,367","11,036","106,151","58,276","47,875","147,485","62,030","44,179","41,276","9,349","26,161","86,332","31,336","69,428","37,005","22,870","38,234","138,543","34,903","57,363","46,277","59,157","31,500","23,260","52,673","108,628","45,080","27,747","18,053","12,039","5,156","6,148","10,653"
2021년10월_계_30~39세,"1,899,458","177,449","32,959","56,604","26,943","60,943","135,330","35,009","30,886","69,435","60,084","77,094","33,336","43,758","112,769","40,362","85,227","10,020","85,324","43,989","41,335","142,665","68,710","38,279","35,676","9,960","25,263","89,602","37,661","78,030","37,192","22,911","52,678","141,399","33,501","57,607","50,291","68,021","30,920","22,791","75,624","150,834","55,841","28,244","14,643","11,173","4,097","5,528","10,722"
2021년10월_계_40~49세,"2,292,775","199,605","44,260","60,575","27,612","67,158","153,177","36,307","31,818","85,052","73,703","85,717","34,357","51,360","125,670","50,083","96,580","13,829","104,470","55,851","48,619","178,201","78,395","49,871","49,935","10,437","31,682","131,602","43,813","92,325","42,726","24,146","56,079","197,787","43,477","82,623","71,687","82,174","34,955","30,150","91,826","170,148","67,562","39,925","19,810","15,761","4,756","7,784","16,292"
2021년10월_계_50~59세,"2,265,783","197,033","49,118","61,445","31,130","55,340","155,030","39,997","37,045","77,988","81,050","96,063","42,889","53,174","145,106","49,113","90,386","16,385","127,944","69,202","58,742","196,722","83,782","56,528","56,412","12,166","34,889","121,467","33,932","89,769","47,499","29,337","45,056","170,489","43,938","69,399","57,152","76,200","35,600","31,811","68,954","121,286","65,043","39,391","29,181","20,069","6,938","11,071","20,803"
2021년10월_계_60~69세,"1,655,342","130,422","33,208","43,102","24,473","29,639","119,768","34,620","32,156","52,992","61,152","75,024","36,546","38,478","117,870","39,360","60,315","14,019","78,484","41,768","36,716","131,858","61,795","35,734","34,329","8,798","25,976","90,083","21,814","52,821","35,874","23,142","38,439","113,447","34,136","43,953","35,358","54,096","28,434","27,580","53,437","77,479","52,083","31,292","26,694","20,051","7,965","12,897","24,668"
2021년10월_계_70~79세,"772,601","56,819","15,766","17,596","12,010","11,447","57,638","16,879","15,218","25,541","31,260","31,904","16,596","15,308","47,392","17,670","28,729","8,592","30,171","16,934","13,237","61,556","30,310","15,513","15,733","3,968","11,553","45,947","9,954","20,112","15,148","9,196","17,109","65,916","16,220","26,440","23,256","28,748","13,180","13,838","26,498","32,953","22,835","16,573","12,339","10,182","4,867","6,742","13,212"
2021년10월_계_80~89세,"370,378","26,529","7,922","7,935","5,350","5,322","25,893","6,512","5,964","13,417","14,901","14,583","7,276","7,307","20,761","7,780","14,858","4,697","15,256","8,773","6,483","35,116","15,965","9,309","9,842","2,067","5,149","20,205","4,332","9,560","7,971","4,421","6,329","30,163","7,826","12,213","10,124","15,208","7,089","7,827","11,314","15,528","9,102","7,767","6,876","5,650","2,961","3,820","6,665"
2021년10월_계_90~99세,"54,708","4,008","1,283","1,178",693,854,"4,204",870,857,"2,477","1,956","2,259","1,019","1,240","3,206","1,122","2,008",600,"2,263","1,321",942,"5,125","2,169","1,479","1,477",384,669,"2,894",543,"1,495","1,228",754,"1,093","4,410","1,223","1,782","1,405","2,199",987,"1,129","1,682","2,190","1,301","1,117","1,001",897,413,526,"1,045"
2021년10월_계_100세 이상,"2,234",198,64,56,44,34,173,56,39,78,71,89,43,46,153,39,74,24,96,53,43,178,87,43,48,10,52,137,28,76,50,23,56,156,39,65,52,76,34,36,53,81,51,40,38,31,26,36,49
2021년10월_남_총인구수,"6,820,025","596,863","137,955","184,052","92,088","182,768","461,315","119,485","107,644","234,186","228,574","270,572","119,745","150,827","400,375","145,171","291,122","46,659","335,508","179,580","155,928","528,683","237,946","145,811","144,926","34,357","95,747","363,233","119,588","267,351","133,506","81,341","157,644","535,631","134,041","218,360","183,230","243,139","116,264","97,969","243,149","457,918","197,315","119,761","78,733","57,122","22,412","32,130","60,873"
2021년10월_남_연령구간인구수,"6,820,025","596,863","137,955","184,052","92,088","182,768","461,315","119,485","107,644","234,186","228,574","270,572","119,745","150,827","400,375","145,171","291,122","46,659","335,508","179,580","155,928","528,683","237,946","145,811","144,926","34,357","95,747","363,233","119,588","267,351","133,506","81,341","157,644","535,631","134,041","218,360","183,230","243,139","116,264","97,969","243,149","457,918","197,315","119,761","78,733","57,122","22,412","32,130","60,873"
2021년10월_남_0~9세,"566,395","47,446","9,043","15,542","5,128","17,733","33,768","7,578","6,360","19,830","17,177","19,341","7,586","11,755","27,556","11,258","25,310","3,021","21,603","11,349","10,254","40,135","19,078","10,293","10,764","3,149","7,322","32,604","11,280","24,348","9,644","6,582","16,461","48,963","10,313","20,742","17,908","22,123","9,359","6,858","27,605","51,928","17,118","10,137","4,168","3,593","1,297","1,604","3,637"
2021년10월_남_10~19세,"680,108","59,837","14,525","16,931","7,075","21,306","43,878","8,648","8,145","27,085","21,535","26,426","9,515","16,911","34,984","15,347","27,821","4,231","31,763","17,099","14,664","52,494","21,086","14,750","16,658","3,448","8,959","40,250","12,738","25,782","13,275","7,276","14,004","62,306","13,415","25,886","23,005","25,610","12,160","9,358","25,290","51,154","17,476","12,358","6,226","4,882","1,614","2,347","5,279"
2021년10월_남_20~29세,"951,808","97,349","23,939","27,744","15,626","30,040","65,839","17,808","15,676","32,355","32,737","39,116","17,687","21,429","58,447","19,299","42,839","5,988","56,436","31,038","25,398","75,523","32,041","22,237","21,245","4,926","13,445","44,979","17,009","37,724","19,288","12,035","19,191","72,177","18,993","29,958","23,226","31,774","17,944","12,884","27,118","59,026","23,969","14,887","10,461","6,578","3,282","3,577","5,961"
2021년10월_남_30~39세,"982,214","92,987","17,374","29,818","14,673","31,122","69,085","18,772","16,706","33,607","30,739","39,672","17,641","22,031","58,037","20,551","46,884","5,232","46,640","23,923","22,717","71,054","34,637","18,862","17,555","4,947","12,716","44,213","20,477","41,783","19,386","11,782","26,602","70,017","17,844","28,249","23,924","35,824","16,636","12,475","37,112","78,972","28,967","14,571","8,201","5,899","2,329","3,019","5,405"
2021년10월_남_40~49세,"1,166,569","100,521","21,915","31,322","14,315","32,969","75,386","19,133","16,717","39,536","37,073","42,162","17,686","24,476","63,359","24,680","51,768","7,132","53,630","28,539","25,091","86,328","39,263","23,643","23,422","5,100","15,876","65,885","23,358","49,848","21,140","11,991","29,173","97,472","22,894","40,336","34,242","42,139","18,112","16,153","47,681","90,439","35,695","20,561","10,651","8,179","2,603","4,197","8,277"
2021년10월_남_50~59세,"1,148,042","98,371","24,553","30,317","15,827","27,674","77,659","20,471","18,837","38,351","39,878","46,680","21,027","25,653","70,332","24,458","47,683","8,647","65,190","35,171","30,019","96,461","41,637","27,467","27,357","5,846","17,147","62,003","17,769","47,139","23,131","14,061","22,565","86,590","22,688","34,991","28,911","39,808","18,540","16,871","35,228","65,189","33,235","20,647","16,048","10,536","3,755","5,884","10,691"
2021년10월_남_60~69세,"823,516","64,546","16,428","21,311","11,961","14,846","58,599","16,839","15,885","25,875","29,622","36,843","17,982","18,861","57,811","18,730","30,365","6,896","41,055","21,734","19,321","66,124","30,665","18,109","17,350","4,296","12,941","43,876","10,815","28,035","17,588","11,553","18,605","54,482","17,243","20,687","16,552","27,055","14,588","13,949","26,015","39,639","26,036","15,691","14,458","10,218","4,136","6,665","12,284"
2021년10월_남_70~79세,"352,051","25,485","6,957","8,060","5,362","5,106","26,233","7,658","6,974","11,601","13,777","14,704","7,760","6,944","22,043","7,986","12,670","3,635","13,656","7,502","6,154","26,458","13,127","6,698","6,633","1,784","5,203","21,027","4,417","9,231","6,859","4,333","8,496","29,721","7,498","11,767","10,456","12,699","6,082","6,366","12,377","15,474","11,029","7,716","5,763","4,898","2,211","3,205","6,513"
2021년10월_남_80~89세,"135,901","9,375","2,894","2,733","1,940","1,808","9,782","2,365","2,177","5,240","5,565","5,088","2,626","2,462","7,030","2,616","5,294","1,715","5,039","2,917","2,122","12,747","5,840","3,365","3,542",763,"1,936","7,701","1,607","3,143","2,854","1,549","2,291","12,713","2,881","5,240","4,592","5,544","2,604","2,809","4,313","5,624","3,499","2,952","2,499","2,121","1,069","1,480","2,579"
2021년10월_남_90~99세,"12,898",905,313,264,171,157,"1,048",200,161,687,458,517,224,293,740,237,470,158,474,296,178,"1,314",552,373,389,95,180,664,111,298,329,177,244,"1,167",266,492,409,545,231,239,396,454,278,232,245,210,108,138,236
2021년10월_남_100세 이상,523,41,14,10,10,7,38,13,6,19,13,23,11,12,36,9,18,4,22,12,10,45,20,14,11,3,22,31,7,20,12,2,12,23,6,12,5,18,8,7,14,19,13,9,13,8,8,14,11
2021년10월_여_총인구수,"6,729,552","588,413","135,899","180,364","90,512","181,638","470,004","116,495","104,834","248,675","235,091","276,686","119,458","157,228","407,672","149,287","268,241","46,849","318,609","172,167","146,442","551,557","243,894","153,946","153,717","35,553","97,267","366,685","110,815","244,537","135,709","82,363","157,222","543,978","127,125","223,975","192,878","236,044","107,802","91,763","242,710","423,236","189,181","116,444","69,885","55,138","20,385","30,111","60,315"
2021년10월_여_연령구간인구수,"6,729,552","588,413","135,899","180,364","90,512","181,638","470,004","116,495","104,834","248,675","235,091","276,686","119,458","157,228","407,672","149,287","268,241","46,849","318,609","172,167","146,442","551,557","243,894","153,946","153,717","35,553","97,267","366,685","110,815","244,537","135,709","82,363","157,222","543,978","127,125","223,975","192,878","236,044","107,802","91,763","242,710","423,236","189,181","116,444","69,885","55,138","20,385","30,111","60,315"
2021년10월_여_0~9세,"540,437","44,681","8,597","14,660","4,983","16,441","32,294","7,398","6,101","18,795","16,070","18,656","7,402","11,254","26,017","10,852","24,472","2,876","20,629","10,848","9,781","38,580","18,333","9,748","10,499","2,878","6,869","30,792","10,837","23,623","9,279","6,153","15,579","46,815","9,872","19,650","17,293","21,223","8,754","6,439","26,568","49,831","16,297","9,703","3,971","3,353","1,271","1,580","3,495"
2021년10월_여_10~19세,"643,893","55,975","13,401","15,707","6,711","20,156","41,779","8,261","7,652","25,866","20,167","24,568","8,739","15,829","33,296","14,399","26,216","4,178","29,963","16,284","13,679","50,125","20,100","14,031","15,994","3,296","8,470","38,003","12,135","24,519","12,324","6,893","13,749","59,215","12,303","24,612","22,300","24,348","11,094","8,655","24,335","49,114","16,707","11,911","5,618","4,579","1,436","2,158","4,668"
2021년10월_여_20~29세,"853,657","87,925","19,769","25,341","14,822","27,993","62,548","16,037","14,561","31,950","31,802","36,418","16,212","20,206","54,820","17,774","34,528","5,048","49,715","27,238","22,477","71,962","29,989","21,942","20,031","4,423","12,716","41,353","14,327","31,704","17,717","10,835","19,043","66,366","15,910","27,405","23,051","27,383","13,556","10,376","25,555","49,602","21,111","12,860","7,592","5,461","1,874","2,571","4,692"
2021년10월_여_30~39세,"917,244","84,462","15,585","26,786","12,270","29,821","66,245","16,237","14,180","35,828","29,345","37,422","15,695","21,727","54,732","19,811","38,343","4,788","38,684","20,066","18,618","71,611","34,073","19,417","18,121","5,013","12,547","45,389","17,184","36,247","17,806","11,129","26,076","71,382","15,657","29,358","26,367","32,197","14,284","10,316","38,512","71,862","26,874","13,673","6,442","5,274","1,768","2,509","5,317"
2021년10월_여_40~49세,"1,126,206","99,084","22,345","29,253","13,297","34,189","77,791","17,174","15,101","45,516","36,630","43,555","16,671","26,884","62,311","25,403","44,812","6,697","50,840","27,312","23,528","91,873","39,132","26,228","26,513","5,337","15,806","65,717","20,455","42,477","21,586","12,155","26,906","100,315","20,583","42,287","37,445","40,035","16,843","13,997","44,145","79,709","31,867","19,364","9,159","7,582","2,153","3,587","8,015"
2021년10월_여_50~59세,"1,117,741","98,662","24,565","31,128","15,303","27,666","77,371","19,526","18,208","39,637","41,172","49,383","21,862","27,521","74,774","24,655","42,703","7,738","62,754","34,031","28,723","100,261","42,145","29,061","29,055","6,320","17,742","59,464","16,163","42,630","24,368","15,276","22,491","83,899","21,250","34,408","28,241","36,392","17,060","14,940","33,726","56,097","31,808","18,744","13,133","9,533","3,183","5,187","10,112"
2021년10월_여_60~69세,"831,826","65,876","16,780","21,791","12,512","14,793","61,169","17,781","16,271","27,117","31,530","38,181","18,564","19,617","60,059","20,630","29,950","7,123","37,429","20,034","17,395","65,734","31,130","17,625","16,979","4,502","13,035","46,207","10,999","24,786","18,286","11,589","19,834","58,965","16,893","23,266","18,806","27,041","13,846","13,631","27,422","37,840","26,047","15,601","12,236","9,833","3,829","6,232","12,384"
2021년10월_여_70~79세,"420,550","31,334","8,809","9,536","6,648","6,341","31,405","9,221","8,244","13,940","17,483","17,200","8,836","8,364","25,349","9,684","16,059","4,957","16,515","9,432","7,083","35,098","17,183","8,815","9,100","2,184","6,350","24,920","5,537","10,881","8,289","4,863","8,613","36,195","8,722","14,673","12,800","16,049","7,098","7,472","14,121","17,479","11,806","8,857","6,576","5,284","2,656","3,537","6,699"
2021년10월_여_80~89세,"234,477","17,154","5,028","5,202","3,410","3,514","16,111","4,147","3,787","8,177","9,336","9,495","4,650","4,845","13,731","5,164","9,564","2,982","10,217","5,856","4,361","22,369","10,125","5,944","6,300","1,304","3,213","12,504","2,725","6,417","5,117","2,872","4,038","17,450","4,945","6,973","5,532","9,664","4,485","5,018","7,001","9,904","5,603","4,815","4,377","3,529","1,892","2,340","4,086"
2021년10월_여_90~99세,"41,810","3,103",970,914,522,697,"3,156",670,696,"1,790","1,498","1,742",795,947,"2,466",885,"1,538",442,"1,789","1,025",764,"3,811","1,617","1,106","1,088",289,489,"2,230",432,"1,197",899,577,849,"3,243",957,"1,290",996,"1,654",756,890,"1,286","1,736","1,023",885,756,687,305,388,809
2021년10월_여_100세 이상,"1,711",157,50,46,34,27,135,43,33,59,58,66,32,34,117,30,56,20,74,41,33,133,67,29,37,7,30,106,21,56,38,21,44,133,33,53,47,58,26,29,39,62,38,31,25,23,18,22,38
2021년11월_계_총인구수,"13,557,973","1,184,683","274,107","364,164","182,390","364,022","931,063","236,076","211,658","483,329","463,706","546,753","238,809","307,944","807,090","293,763","561,770","93,528","653,687","351,387","302,300","1,079,722","482,459","299,297","297,966","71,234","192,461","731,497","230,165","512,155","269,086","163,555","318,126","1,078,604","260,487","442,323","375,794","481,629","223,831","189,559","486,123","884,225","386,573","236,302","148,738","112,199","42,739","62,253","121,154"
2021년11월_계_연령구간인구수,"13,557,973","1,184,683","274,107","364,164","182,390","364,022","931,063","236,076","211,658","483,329","463,706","546,753","238,809","307,944","807,090","293,763","561,770","93,528","653,687","351,387","302,300","1,079,722","482,459","299,297","297,966","71,234","192,461","731,497","230,165","512,155","269,086","163,555","318,126","1,078,604","260,487","442,323","375,794","481,629","223,831","189,559","486,123","884,225","386,573","236,302","148,738","112,199","42,739","62,253","121,154"
2021년11월_계_0~9세,"1,103,092","91,576","17,580","29,976","10,037","33,983","65,796","14,956","12,325","38,515","33,099","37,834","14,906","22,928","53,294","21,931","49,969","5,853","42,019","22,029","19,990","78,294","37,275","19,926","21,093","6,199","14,094","63,376","21,870","47,767","18,794","12,649","32,573","95,148","20,048","40,084","35,016","43,450","18,027","13,193","53,873","101,557","33,292","19,736","8,113","6,885","2,555","3,164","7,112"
2021년11월_계_10~19세,"1,322,710","115,660","27,923","32,548","13,731","41,458","85,646","16,870","15,706","53,070","41,710","50,915","18,192","32,723","68,083","29,668","54,113","8,410","61,520","33,271","28,249","102,560","41,194","28,788","32,578","6,829","17,346","78,218","24,897","50,289","25,570","14,132","28,117","120,837","25,060","50,528","45,249","50,154","22,736","17,836","49,842","100,678","34,078","24,283","11,810","9,449","3,044","4,486","9,794"
2021년11월_계_20~29세,"1,802,051","184,806","43,656","52,991","30,387","57,772","128,017","33,760","30,072","64,185","64,376","75,118","33,689","41,429","112,733","36,969","77,469","11,039","105,843","58,118","47,725","146,931","61,959","43,881","41,091","9,499","26,044","86,248","31,265","69,249","36,962","22,802","38,309","138,332","34,807","57,318","46,207","59,328","31,493","23,178","52,537","108,910","44,945","27,738","18,053","11,992","5,125","6,127","10,614"
2021년11월_계_30~39세,"1,899,719","177,353","33,031","56,492","27,018","60,812","135,165","35,024","30,783","69,358","60,092","77,053","33,231","43,822","112,615","40,142","85,834","9,993","85,300","43,966","41,334","142,630","68,801","38,286","35,543","10,261","25,203","89,997","37,425","77,950","37,186","22,898","53,286","140,885","33,423","57,349","50,113","68,389","30,945","22,770","75,375","151,040","55,678","28,193","14,610","11,137","4,096","5,520","10,698"
2021년11월_계_40~49세,"2,293,799","199,400","44,261","60,460","27,516","67,163","153,069","36,263","31,695","85,111","73,674","85,643","34,315","51,328","125,436","49,927","97,032","13,818","104,151","55,630","48,521","177,719","78,314","49,699","49,706","10,611","31,472","131,812","43,876","92,416","42,626","24,072","56,868","197,533","43,440","82,559","71,534","82,572","35,029","30,121","92,066","170,968","67,685","39,862","19,779","15,767","4,734","7,763","16,298"
2021년11월_계_50~59세,"2,270,910","197,347","49,264","61,523","31,126","55,434","155,206","40,054","36,884","78,268","81,094","95,986","42,794","53,192","144,952","49,097","90,869","16,439","128,076","69,291","58,785","196,940","83,968","56,523","56,449","12,349","34,848","121,950","34,020","89,972","47,529","29,325","45,350","171,226","44,085","69,756","57,385","76,693","35,635","31,942","69,137","122,098","65,143","39,489","29,242","20,050","6,951","11,106","20,849"
2021년11월_계_60~69세,"1,663,383","130,841","33,319","43,333","24,469","29,720","120,140","34,800","32,122","53,218","61,434","75,261","36,674","38,587","118,321","39,420","60,699","14,064","78,867","41,947","36,920","132,610","62,283","35,889","34,438","8,993","26,020","90,498","21,924","53,198","36,037","23,257","38,839","113,778","34,290","44,067","35,421","54,594","28,633","27,686","53,616","78,061","52,373","31,459","26,849","20,168","7,973","12,968","24,802"
2021년11월_계_70~79세,"772,918","56,835","15,760","17,631","11,986","11,458","57,585","16,851","15,179","25,555","31,254","31,945","16,612","15,333","47,405","17,642","28,802","8,557","30,212","16,942","13,270","61,460","30,346","15,439","15,675","3,997","11,548","46,032","9,951","20,126","15,124","9,174","17,249","65,904","16,203","26,479","23,222","28,850","13,180","13,832","26,549","33,044","22,847","16,549","12,315","10,165","4,849","6,727","13,209"
2021년11월_계_80~89세,"372,378","26,658","7,962","7,994","5,370","5,332","26,078","6,584","5,997","13,497","14,965","14,654","7,331","7,323","20,877","7,804","14,894","4,735","15,332","8,821","6,511","35,257","16,040","9,342","9,875","2,096","5,165","20,328","4,360","9,618","7,974","4,463","6,383","30,370","7,870","12,331","10,169","15,312","7,136","7,854","11,379","15,598","9,177","7,838","6,922","5,669","2,968","3,835","6,679"
2021년11월_계_90~99세,"54,952","4,029","1,298","1,167",706,858,"4,202",867,856,"2,479","1,953","2,258","1,024","1,234","3,222","1,127","2,018",598,"2,269","1,318",951,"5,159","2,201","1,486","1,472",390,671,"2,908",556,"1,509","1,237",762,"1,107","4,445","1,227","1,788","1,430","2,217",983,"1,114","1,695","2,204","1,306","1,119","1,008",889,419,521,"1,057"
2021년11월_계_100세 이상,"2,061",178,53,49,44,32,159,47,39,73,55,86,41,45,152,36,71,22,98,54,44,162,78,38,46,10,50,130,21,61,47,21,45,146,34,64,48,70,34,33,54,67,49,36,37,28,25,36,42
2021년11월_남_총인구수,"6,823,931","596,491","138,058","183,962","91,937","182,534","461,205","119,554","107,220","234,431","228,555","270,290","119,538","150,752","399,933","144,827","292,554","46,672","335,229","179,326","155,903","528,390","238,233","145,579","144,578","35,058","95,429","363,970","119,461","267,503","133,458","81,252","159,264","535,053","133,624","218,341","183,088","244,290","116,100","97,874","243,279","459,514","197,285","119,796","78,786","57,044","22,405","32,147","60,817"
2021년11월_남_연령구간인구수,"6,823,931","596,491","138,058","183,962","91,937","182,534","461,205","119,554","107,220","234,431","228,555","270,290","119,538","150,752","399,933","144,827","292,554","46,672","335,229","179,326","155,903","528,390","238,233","145,579","144,578","35,058","95,429","363,970","119,461","267,503","133,458","81,252","159,264","535,053","133,624","218,341","183,088","244,290","116,100","97,874","243,279","459,514","197,285","119,796","78,786","57,044","22,405","32,147","60,817"
2021년11월_남_0~9세,"564,452","47,140","9,000","15,436","5,084","17,620","33,611","7,569","6,285","19,757","17,130","19,247","7,552","11,695","27,433","11,166","25,405","3,012","21,494","11,258","10,236","39,945","19,030","10,236","10,679","3,243","7,262","32,566","11,166","24,254","9,598","6,536","16,721","48,630","10,262","20,544","17,824","22,157","9,301","6,808","27,461","51,813","17,043","10,064","4,165","3,557","1,298","1,586","3,640"
2021년11월_남_10~19세,"679,038","59,714","14,510","16,879","7,037","21,288","43,900","8,633","8,113","27,154","21,522","26,402","9,491","16,911","34,877","15,301","27,870","4,231","31,670","17,051","14,619","52,442","21,068","14,755","16,619","3,490","8,901","40,249","12,739","25,771","13,262","7,268","14,166","61,846","12,996","25,913","22,937","25,695","11,814","9,254","25,407","51,364","17,385","12,362","6,187","4,861","1,607","2,336","5,145"
2021년11월_남_20~29세,"950,070","97,086","23,914","27,679","15,583","29,910","65,673","17,757","15,587","32,329","32,620","38,865","17,575","21,290","58,154","19,250","42,955","5,975","56,282","30,934","25,348","75,222","31,994","22,090","21,138","5,010","13,393","44,902","16,961","37,654","19,231","11,972","19,226","72,123","18,940","29,953","23,230","31,863","17,947","12,845","27,060","59,216","23,908","14,901","10,450","6,554","3,279","3,565","5,928"
2021년11월_남_30~39세,"982,766","92,988","17,427","29,802","14,732","31,027","69,017","18,777","16,675","33,565","30,748","39,670","17,578","22,092","57,977","20,440","47,281","5,233","46,561","23,874","22,687","71,074","34,678","18,900","17,496","5,110","12,710","44,437","20,384","41,717","19,406","11,768","26,894","69,804","17,836","28,109","23,859","35,997","16,682","12,471","36,965","79,162","28,883","14,553","8,194","5,872","2,332","3,022","5,414"
2021년11월_남_40~49세,"1,167,100","100,404","21,915","31,263","14,266","32,960","75,352","19,116","16,634","39,602","37,066","42,133","17,677","24,456","63,257","24,589","52,021","7,115","53,499","28,443","25,056","86,088","39,229","23,546","23,313","5,187","15,752","66,019","23,370","49,936","21,085","11,990","29,604","97,317","22,851","40,320","34,146","42,327","18,168","16,118","47,781","90,798","35,756","20,525","10,638","8,164","2,583","4,191","8,267"
2021년11월_남_50~59세,"1,150,601","98,519","24,636","30,360","15,799","27,724","77,720","20,517","18,743","38,460","39,908","46,657","20,978","25,679","70,284","24,453","47,970","8,676","65,245","35,202","30,043","96,544","41,751","27,440","27,353","5,942","17,107","62,215","17,826","47,190","23,169","14,050","22,732","86,927","22,760","35,157","29,010","40,053","18,550","16,940","35,346","65,602","33,322","20,685","16,069","10,533","3,768","5,889","10,710"
2021년11월_남_60~69세,"827,378","64,746","16,462","21,429","11,952","14,903","58,771","16,936","15,873","25,962","29,757","36,924","18,029","18,895","58,032","18,767","30,555","6,911","41,233","21,818","19,415","66,501","30,894","18,181","17,426","4,398","12,967","44,051","10,861","28,257","17,654","11,587","18,783","54,666","17,323","20,751","16,592","27,289","14,691","14,017","26,093","39,920","26,138","15,773","14,560","10,266","4,141","6,708","12,361"
2021년11월_남_70~79세,"352,335","25,519","6,962","8,089","5,353","5,115","26,193","7,644","6,960","11,589","13,761","14,721","7,762","6,959","22,063","7,974","12,714","3,623","13,680","7,512","6,168","26,430","13,154","6,680","6,596","1,796","5,199","21,078","4,406","9,244","6,852","4,325","8,571","29,703","7,479","11,769","10,455","12,752","6,090","6,362","12,412","15,515","11,044","7,725","5,760","4,898","2,200","3,205","6,520"
2021년11월_남_80~89세,"136,768","9,433","2,908","2,755","1,950","1,820","9,882","2,391","2,187","5,304","5,577","5,135","2,662","2,473","7,076","2,642","5,291","1,732","5,068","2,927","2,141","12,782","5,860","3,359","3,563",778,"1,938","7,754","1,626","3,169","2,858","1,579","2,312","12,838","2,911","5,315","4,612","5,596","2,619","2,819","4,340","5,653","3,523","2,964","2,503","2,127","1,079","1,493","2,582"
2021년11월_남_90~99세,"12,965",911,315,263,171,162,"1,052",203,159,690,458,518,226,292,743,237,474,160,474,295,179,"1,321",558,378,385,101,180,670,116,299,332,176,246,"1,177",260,498,419,546,230,235,399,457,273,235,248,206,109,139,243
2021년11월_남_100세 이상,458,31,9,7,10,5,34,11,4,19,8,18,8,10,37,8,18,4,23,12,11,41,17,14,10,3,20,29,6,12,11,1,9,22,6,12,4,15,8,5,15,14,10,9,12,6,9,13,7
2021년11월_여_총인구수,"6,734,042","588,192","136,049","180,202","90,453","181,488","469,858","116,522","104,438","248,898","235,151","276,463","119,271","157,192","407,157","148,936","269,216","46,856","318,458","172,061","146,397","551,332","244,226","153,718","153,388","36,176","97,032","367,527","110,704","244,652","135,628","82,303","158,862","543,551","126,863","223,982","192,706","237,339","107,731","91,685","242,844","424,711","189,288","116,506","69,952","55,155","20,334","30,106","60,337"
2021년11월_여_연령구간인구수,"6,734,042","588,192","136,049","180,202","90,453","181,488","469,858","116,522","104,438","248,898","235,151","276,463","119,271","157,192","407,157","148,936","269,216","46,856","318,458","172,061","146,397","551,332","244,226","153,718","153,388","36,176","97,032","367,527","110,704","244,652","135,628","82,303","158,862","543,551","126,863","223,982","192,706","237,339","107,731","91,685","242,844","424,711","189,288","116,506","69,952","55,155","20,334","30,106","60,337"
2021년11월_여_0~9세,"538,640","44,436","8,580","14,540","4,953","16,363","32,185","7,387","6,040","18,758","15,969","18,587","7,354","11,233","25,861","10,765","24,564","2,841","20,525","10,771","9,754","38,349","18,245","9,690","10,414","2,956","6,832","30,810","10,704","23,513","9,196","6,113","15,852","46,518","9,786","19,540","17,192","21,293","8,726","6,385","26,412","49,744","16,249","9,672","3,948","3,328","1,257","1,578","3,472"
2021년11월_여_10~19세,"643,672","55,946","13,413","15,669","6,694","20,170","41,746","8,237","7,593","25,916","20,188","24,513","8,701","15,812","33,206","14,367","26,243","4,179","29,850","16,220","13,630","50,118","20,126","14,033","15,959","3,339","8,445","37,969","12,158","24,518","12,308","6,864","13,951","58,991","12,064","24,615","22,312","24,459","10,922","8,582","24,435","49,314","16,693","11,921","5,623","4,588","1,437","2,150","4,649"
2021년11월_여_20~29세,"851,981","87,720","19,742","25,312","14,804","27,862","62,344","16,003","14,485","31,856","31,756","36,253","16,114","20,139","54,579","17,719","34,514","5,064","49,561","27,184","22,377","71,709","29,965","21,791","19,953","4,489","12,651","41,346","14,304","31,595","17,731","10,830","19,083","66,209","15,867","27,365","22,977","27,465","13,546","10,333","25,477","49,694","21,037","12,837","7,603","5,438","1,846","2,562","4,686"
2021년11월_여_30~39세,"916,953","84,365","15,604","26,690","12,286","29,785","66,148","16,247","14,108","35,793","29,344","37,383","15,653","21,730","54,638","19,702","38,553","4,760","38,739","20,092","18,647","71,556","34,123","19,386","18,047","5,151","12,493","45,560","17,041","36,233","17,780","11,130","26,392","71,081","15,587","29,240","26,254","32,392","14,263","10,299","38,410","71,878","26,795","13,640","6,416","5,265","1,764","2,498","5,284"
2021년11월_여_40~49세,"1,126,699","98,996","22,346","29,197","13,250","34,203","77,717","17,147","15,061","45,509","36,608","43,510","16,638","26,872","62,179","25,338","45,011","6,703","50,652","27,187","23,465","91,631","39,085","26,153","26,393","5,424","15,720","65,793","20,506","42,480","21,541","12,082","27,264","100,216","20,589","42,239","37,388","40,245","16,861","14,003","44,285","80,170","31,929","19,337","9,141","7,603","2,151","3,572","8,031"
2021년11월_여_50~59세,"1,120,309","98,828","24,628","31,163","15,327","27,710","77,486","19,537","18,141","39,808","41,186","49,329","21,816","27,513","74,668","24,644","42,899","7,763","62,831","34,089","28,742","100,396","42,217","29,083","29,096","6,407","17,741","59,735","16,194","42,782","24,360","15,275","22,618","84,299","21,325","34,599","28,375","36,640","17,085","15,002","33,791","56,496","31,821","18,804","13,173","9,517","3,183","5,217","10,139"
2021년11월_여_60~69세,"836,005","66,095","16,857","21,904","12,517","14,817","61,369","17,864","16,249","27,256","31,677","38,337","18,645","19,692","60,289","20,653","30,144","7,153","37,634","20,129","17,505","66,109","31,389","17,708","17,012","4,595","13,053","46,447","11,063","24,941","18,383","11,670","20,056","59,112","16,967","23,316","18,829","27,305","13,942","13,669","27,523","38,141","26,235","15,686","12,289","9,902","3,832","6,260","12,441"
2021년11월_여_70~79세,"420,583","31,316","8,798","9,542","6,633","6,343","31,392","9,207","8,219","13,966","17,493","17,224","8,850","8,374","25,342","9,668","16,088","4,934","16,532","9,430","7,102","35,030","17,192","8,759","9,079","2,201","6,349","24,954","5,545","10,882","8,272","4,849","8,678","36,201","8,724","14,710","12,767","16,098","7,090","7,470","14,137","17,529","11,803","8,824","6,555","5,267","2,649","3,522","6,689"
2021년11월_여_80~89세,"235,610","17,225","5,054","5,239","3,420","3,512","16,196","4,193","3,810","8,193","9,388","9,519","4,669","4,850","13,801","5,162","9,603","3,003","10,264","5,894","4,370","22,475","10,180","5,983","6,312","1,318","3,227","12,574","2,734","6,449","5,116","2,884","4,071","17,532","4,959","7,016","5,557","9,716","4,517","5,035","7,039","9,945","5,654","4,874","4,419","3,542","1,889","2,342","4,097"
2021년11월_여_90~99세,"41,987","3,118",983,904,535,696,"3,150",664,697,"1,789","1,495","1,740",798,942,"2,479",890,"1,544",438,"1,795","1,023",772,"3,838","1,643","1,108","1,087",289,491,"2,238",440,"1,210",905,586,861,"3,268",967,"1,290","1,011","1,671",753,879,"1,296","1,747","1,033",884,760,683,310,382,814
2021년11월_여_100세 이상,"1,603",147,44,42,34,27,125,36,35,54,47,68,33,35,115,28,53,18,75,42,33,121,61,24,36,7,30,101,15,49,36,20,36,124,28,52,44,55,26,28,39,53,39,27,25,22,16,23,35
2021년12월_계_총인구수,"13,565,450","1,183,714","273,835","364,136","182,321","363,422","930,948","235,988","210,777","484,183","463,661","547,178","238,311","308,867","806,067","292,893","564,288","93,592","652,726","350,668","302,058","1,079,353","482,927","298,873","297,553","73,345","191,948","733,798","229,983","512,030","268,535","163,356","320,087","1,077,508","260,198","441,742","375,568","483,245","223,177","189,534","486,508","887,015","387,289","236,368","148,939","112,150","42,721","62,264","121,230"
2021년12월_계_연령구간인구수,"13,565,450","1,183,714","273,835","364,136","182,321","363,422","930,948","235,988","210,777","484,183","463,661","547,178","238,311","308,867","806,067","292,893","564,288","93,592","652,726","350,668","302,058","1,079,353","482,927","298,873","297,553","73,345","191,948","733,798","229,983","512,030","268,535","163,356","320,087","1,077,508","260,198","441,742","375,568","483,245","223,177","189,534","486,508","887,015","387,289","236,368","148,939","112,150","42,721","62,264","121,230"
2021년12월_계_0~9세,"1,099,927","91,037","17,502","29,791","10,055","33,689","65,673","14,911","12,166","38,596","32,996","37,820","14,791","23,029","53,029","21,820","50,065","5,830","41,776","21,870","19,906","77,938","37,138","19,825","20,975","6,488","13,946","63,527","21,682","47,577","18,634","12,631","32,803","94,607","19,959","39,745","34,903","43,432","17,883","13,123","53,677","101,318","33,239","19,651","8,110","6,845","2,541","3,155","7,074"
2021년12월_계_10~19세,"1,321,005","115,369","27,765","32,524","13,684","41,396","85,554","16,814","15,618","53,122","41,616","50,835","18,126","32,709","67,956","29,533","54,204","8,392","61,237","33,057","28,180","102,354","41,209","28,709","32,436","7,014","17,311","78,293","24,904","50,216","25,451","14,070","28,465","120,420","24,709","50,461","45,250","50,266","22,148","17,717","49,972","101,090","33,989","24,277","11,721","9,405","3,048","4,458","9,720"
2021년12월_계_20~29세,"1,798,269","184,258","43,509","52,863","30,306","57,580","127,520","33,642","29,885","63,993","64,284","74,873","33,537","41,336","112,129","36,783","77,667","11,053","105,330","57,795","47,535","146,570","61,897","43,692","40,981","9,710","25,915","86,336","31,150","68,964","36,836","22,666","38,289","137,886","34,685","57,187","46,014","59,462","31,355","23,111","52,405","109,069","44,958","27,716","18,190","11,956","5,114","6,125","10,589"
2021년12월_계_30~39세,"1,900,447","177,205","33,068","56,472","27,063","60,602","135,164","34,981","30,636","69,547","60,071","77,334","33,149","44,185","112,466","39,974","86,448","10,009","85,216","43,876","41,340","142,754","69,046","38,249","35,459","10,669","25,118","90,426","37,349","77,837","37,102","22,916","53,476","140,537","33,398","57,095","50,044","68,443","30,906","22,791","75,094","151,247","55,722","28,102","14,638","11,129","4,099","5,504","10,701"
2021년12월_계_40~49세,"2,296,173","199,224","44,157","60,467","27,452","67,148","153,076","36,276","31,570","85,230","73,614","85,661","34,205","51,456","125,249","49,814","97,562","13,815","103,891","55,489","48,402","177,365","78,294","49,522","49,549","10,892","31,306","132,228","43,914","92,511","42,586","24,033","57,481","197,392","43,521","82,407","71,464","82,974","35,058","30,184","92,370","171,781","68,000","39,910","19,751","15,713","4,727","7,780","16,311"
2021년12월_계_50~59세,"2,274,844","197,487","49,282","61,603","31,125","55,477","155,353","40,067","36,767","78,519","81,152","96,054","42,745","53,309","144,782","48,957","91,369","16,452","128,126","69,321","58,805","197,066","84,104","56,499","56,463","12,677","34,889","122,453","34,049","90,045","47,483","29,275","45,575","171,534","44,111","69,913","57,510","77,146","35,688","31,990","69,269","122,796","65,287","39,530","29,284","20,087","6,946","11,107","20,936"
2021년12월_계_60~69세,"1,669,601","131,329","33,446","43,524","24,522","29,837","120,379","34,874","32,076","53,429","61,579","75,518","36,733","38,785","118,614","39,425","61,059","14,139","79,223","42,156","37,067","133,115","62,484","36,055","34,576","9,288","26,034","90,900","22,019","53,472","36,014","23,335","39,037","114,056","34,423","44,188","35,445","54,958","28,797","27,745","53,848","78,498","52,575","31,550","26,957","20,212","8,009","13,020","24,897"
2021년12월_계_70~79세,"773,573","56,826","15,772","17,636","11,977","11,441","57,626","16,864","15,156","25,606","31,279","32,006","16,598","15,408","47,504","17,625","28,855","8,523","30,184","16,881","13,303","61,394","30,344","15,423","15,627","4,086","11,548","46,068","9,954","20,154","15,118","9,154","17,366","65,921","16,215","26,471","23,235","28,837","13,179","13,840","26,645","33,254","22,867","16,551","12,309","10,163","4,823","6,714","13,200"
2021년12월_계_80~89세,"374,488","26,801","7,996","8,036","5,407","5,362","26,243","6,655","6,024","13,564","15,055","14,747","7,369","7,378","20,979","7,816","14,963","4,755","15,378","8,853","6,525","35,438","16,125","9,359","9,954","2,115","5,201","20,519","4,385","9,691","8,014","4,484","6,445","30,546","7,913","12,415","10,218","15,420","7,132","7,869","11,467","15,632","9,295","7,909","6,920","5,708","2,982","3,855","6,724"
2021년12월_계_90~99세,"55,363","4,036","1,301","1,172",703,860,"4,228",870,852,"2,506","1,960","2,271","1,031","1,240","3,236","1,113","2,036",603,"2,287","1,326",961,"5,208","2,218","1,504","1,486",394,662,"2,934",560,"1,508","1,255",773,"1,112","4,463","1,231","1,796","1,436","2,244","1,007","1,132","1,711","2,275","1,311","1,136","1,021",906,414,525,"1,042"
2021년12월_계_100세 이상,"1,760",142,37,48,27,30,132,34,27,71,55,59,27,32,123,33,60,21,78,44,34,151,68,36,47,12,18,114,17,55,42,19,38,146,33,64,49,63,24,32,50,55,46,36,38,26,18,21,36
2021년12월_남_총인구수,"6,827,298","595,933","137,861","183,925","91,926","182,221","461,131","119,517","106,772","234,842","228,538","270,496","119,239","151,257","399,484","144,384","293,954","46,694","334,646","178,943","155,703","528,094","238,375","145,362","144,357","36,092","95,172","365,103","119,409","267,423","133,246","81,148","160,163","534,459","133,503","217,999","182,957","245,085","115,727","97,895","243,415","460,788","197,673","119,835","78,915","57,022","22,399","32,129","60,846"
2021년12월_남_연령구간인구수,"6,827,298","595,933","137,861","183,925","91,926","182,221","461,131","119,517","106,772","234,842","228,538","270,496","119,239","151,257","399,484","144,384","293,954","46,694","334,646","178,943","155,703","528,094","238,375","145,362","144,357","36,092","95,172","365,103","119,409","267,423","133,246","81,148","160,163","534,459","133,503","217,999","182,957","245,085","115,727","97,895","243,415","460,788","197,673","119,835","78,915","57,022","22,399","32,129","60,846"
2021년12월_남_0~9세,"562,739","46,850","8,954","15,330","5,102","17,464","33,541","7,547","6,214","19,780","17,090","19,253","7,485","11,768","27,336","11,124","25,414","2,994","21,370","11,174","10,196","39,711","18,931","10,160","10,620","3,378","7,204","32,641","11,092","24,171","9,527","6,507","16,819","48,329","10,220","20,367","17,742","22,142","9,237","6,769","27,354","51,673","17,004","10,016","4,165","3,529","1,290","1,576","3,633"
2021년12월_남_10~19세,"678,063","59,563","14,413","16,847","7,020","21,283","43,856","8,619","8,070","27,167","21,464","26,360","9,455","16,905","34,805","15,223","27,910","4,214","31,490","16,928","14,562","52,320","21,067","14,724","16,529","3,588","8,872","40,342","12,742","25,747","13,204","7,240","14,363","61,632","12,825","25,868","22,939","25,733","11,479","9,199","25,447","51,575","17,349","12,341","6,134","4,848","1,617","2,321","5,085"
2021년12월_남_20~29세,"947,823","96,683","23,785","27,618","15,512","29,768","65,418","17,690","15,493","32,235","32,580","38,745","17,498","21,247","57,852","19,149","43,129","5,971","55,970","30,744","25,226","75,061","31,961","22,000","21,100","5,117","13,320","44,876","16,891","37,460","19,179","11,895","19,192","71,890","18,873","29,880","23,137","31,937","17,852","12,809","26,969","59,249","23,893","14,925","10,530","6,537","3,272","3,565","5,907"
2021년12월_남_30~39세,"983,619","93,017","17,445","29,819","14,785","30,968","69,035","18,737","16,600","33,698","30,734","39,831","17,519","22,312","57,906","20,343","47,642","5,248","46,519","23,853","22,666","71,140","34,812","18,880","17,448","5,310","12,660","44,673","20,355","41,656","19,409","11,779","26,941","69,724","17,852","28,044","23,828","36,042","16,664","12,521","36,839","79,282","28,954","14,517","8,220","5,877","2,340","3,010","5,431"
2021년12월_남_40~49세,"1,168,232","100,275","21,867","31,255","14,220","32,933","75,334","19,143","16,557","39,634","37,060","42,175","17,625","24,550","63,207","24,549","52,317","7,117","53,374","28,364","25,010","85,933","39,201","23,451","23,281","5,324","15,668","66,249","23,409","49,973","21,056","12,005","29,884","97,185","22,884","40,204","34,097","42,536","18,184","16,151","47,904","91,142","35,920","20,520","10,619","8,133","2,576","4,191","8,262"
2021년12월_남_50~59세,"1,152,627","98,577","24,630","30,395","15,810","27,742","77,810","20,519","18,690","38,601","39,952","46,687","20,957","25,730","70,156","24,371","48,259","8,676","65,237","35,216","30,021","96,573","41,795","27,436","27,342","6,103","17,142","62,456","17,830","47,257","23,142","14,029","22,873","87,064","22,772","35,216","29,076","40,292","18,569","16,965","35,434","65,999","33,402","20,712","16,101","10,557","3,760","5,888","10,754"
2021년12월_남_60~69세,"830,282","64,979","16,541","21,500","11,986","14,952","58,860","16,984","15,829","26,047","29,805","37,011","18,052","18,959","58,182","18,745","30,727","6,964","41,419","21,929","19,490","66,719","30,997","18,250","17,472","4,549","12,952","44,243","10,933","28,380","17,648","11,600","18,878","54,831","17,388","20,822","16,621","27,464","14,779","14,043","26,188","40,130","26,223","15,836","14,617","10,277","4,152","6,730","12,418"
2021년12월_남_70~79세,"352,810","25,550","6,972","8,120","5,355","5,103","26,212","7,631","6,956","11,625","13,771","14,725","7,729","6,996","22,149","7,986","12,742","3,605","13,681","7,483","6,198","26,438","13,174","6,693","6,571","1,832","5,217","21,078","4,397","9,274","6,861","4,318","8,617","29,688","7,481","11,747","10,460","12,743","6,102","6,385","12,496","15,592","11,051","7,737","5,762","4,900","2,193","3,202","6,506"
2021년12월_남_80~89세,"137,676","9,506","2,935","2,771","1,959","1,841","9,970","2,434","2,202","5,334","5,615","5,178","2,687","2,491","7,119","2,656","5,332","1,742","5,089","2,938","2,151","12,827","5,865","3,373","3,589",786,"1,955","7,842","1,640","3,200","2,871","1,598","2,349","12,909","2,944","5,331","4,634","5,627","2,613","2,809","4,367","5,667","3,593","2,981","2,501","2,147","1,087","1,498","2,602"
2021년12월_남_90~99세,"13,079",911,312,263,173,163,"1,065",205,157,703,459,523,230,293,745,229,470,159,482,306,176,"1,335",557,382,396,102,177,682,118,296,338,176,242,"1,185",258,509,418,555,244,240,404,469,276,240,255,212,106,142,242
2021년12월_남_100세 이상,348,22,7,7,4,4,30,8,4,18,8,8,2,6,27,9,12,4,15,8,7,37,15,13,9,3,5,21,2,9,11,1,5,22,6,11,5,14,4,4,13,10,8,10,11,5,6,6,6
2021년12월_여_총인구수,"6,738,152","587,781","135,974","180,211","90,395","181,201","469,817","116,471","104,005","249,341","235,123","276,682","119,072","157,610","406,583","148,509","270,334","46,898","318,080","171,725","146,355","551,259","244,552","153,511","153,196","37,253","96,776","368,695","110,574","244,607","135,289","82,208","159,924","543,049","126,695","223,743","192,611","238,160","107,450","91,639","243,093","426,227","189,616","116,533","70,024","55,128","20,322","30,135","60,384"
2021년12월_여_연령구간인구수,"6,738,152","587,781","135,974","180,211","90,395","181,201","469,817","116,471","104,005","249,341","235,123","276,682","119,072","157,610","406,583","148,509","270,334","46,898","318,080","171,725","146,355","551,259","244,552","153,511","153,196","37,253","96,776","368,695","110,574","244,607","135,289","82,208","159,924","543,049","126,695","223,743","192,611","238,160","107,450","91,639","243,093","426,227","189,616","116,533","70,024","55,128","20,322","30,135","60,384"
2021년12월_여_0~9세,"537,188","44,187","8,548","14,461","4,953","16,225","32,132","7,364","5,952","18,816","15,906","18,567","7,306","11,261","25,693","10,696","24,651","2,836","20,406","10,696","9,710","38,227","18,207","9,665","10,355","3,110","6,742","30,886","10,590","23,406","9,107","6,124","15,984","46,278","9,739","19,378","17,161","21,290","8,646","6,354","26,323","49,645","16,235","9,635","3,945","3,316","1,251","1,579","3,441"
2021년12월_여_10~19세,"642,942","55,806","13,352","15,677","6,664","20,113","41,698","8,195","7,548","25,955","20,152","24,475","8,671","15,804","33,151","14,310","26,294","4,178","29,747","16,129","13,618","50,034","20,142","13,985","15,907","3,426","8,439","37,951","12,162","24,469","12,247","6,830","14,102","58,788","11,884","24,593","22,311","24,533","10,669","8,518","24,525","49,515","16,640","11,936","5,587","4,557","1,431","2,137","4,635"
2021년12월_여_20~29세,"850,446","87,575","19,724","25,245","14,794","27,812","62,102","15,952","14,392","31,758","31,704","36,128","16,039","20,089","54,277","17,634","34,538","5,082","49,360","27,051","22,309","71,509","29,936","21,692","19,881","4,593","12,595","41,460","14,259","31,504","17,657","10,771","19,097","65,996","15,812","27,307","22,877","27,525","13,503","10,302","25,436","49,820","21,065","12,791","7,660","5,419","1,842","2,560","4,682"
2021년12월_여_30~39세,"916,828","84,188","15,623","26,653","12,278","29,634","66,129","16,244","14,036","35,849","29,337","37,503","15,630","21,873","54,560","19,631","38,806","4,761","38,697","20,023","18,674","71,614","34,234","19,369","18,011","5,359","12,458","45,753","16,994","36,181","17,693","11,137","26,535","70,813","15,546","29,051","26,216","32,401","14,242","10,270","38,255","71,965","26,768","13,585","6,418","5,252","1,759","2,494","5,270"
2021년12월_여_40~49세,"1,127,941","98,949","22,290","29,212","13,232","34,215","77,742","17,133","15,013","45,596","36,554","43,486","16,580","26,906","62,042","25,265","45,245","6,698","50,517","27,125","23,392","91,432","39,093","26,071","26,268","5,568","15,638","65,979","20,505","42,538","21,530","12,028","27,597","100,207","20,637","42,203","37,367","40,438","16,874","14,033","44,466","80,639","32,080","19,390","9,132","7,580","2,151","3,589","8,049"
2021년12월_여_50~59세,"1,122,217","98,910","24,652","31,208","15,315","27,735","77,543","19,548","18,077","39,918","41,200","49,367","21,788","27,579","74,626","24,586","43,110","7,776","62,889","34,105","28,784","100,493","42,309","29,063","29,121","6,574","17,747","59,997","16,219","42,788","24,341","15,246","22,702","84,470","21,339","34,697","28,434","36,854","17,119","15,025","33,835","56,797","31,885","18,818","13,183","9,530","3,186","5,219","10,182"
2021년12월_여_60~69세,"839,319","66,350","16,905","22,024","12,536","14,885","61,519","17,890","16,247","27,382","31,774","38,507","18,681","19,826","60,432","20,680","30,332","7,175","37,804","20,227","17,577","66,396","31,487","17,805","17,104","4,739","13,082","46,657","11,086","25,092","18,366","11,735","20,159","59,225","17,035","23,366","18,824","27,494","14,018","13,702","27,660","38,368","26,352","15,714","12,340","9,935","3,857","6,290","12,479"
2021년12월_여_70~79세,"420,763","31,276","8,800","9,516","6,622","6,338","31,414","9,233","8,200","13,981","17,508","17,281","8,869","8,412","25,355","9,639","16,113","4,918","16,503","9,398","7,105","34,956","17,170","8,730","9,056","2,254","6,331","24,990","5,557","10,880","8,257","4,836","8,749","36,233","8,734","14,724","12,775","16,094","7,077","7,455","14,149","17,662","11,816","8,814","6,547","5,263","2,630","3,512","6,694"
2021년12월_여_80~89세,"236,812","17,295","5,061","5,265","3,448","3,521","16,273","4,221","3,822","8,230","9,440","9,569","4,682","4,887","13,860","5,160","9,631","3,013","10,289","5,915","4,374","22,611","10,260","5,986","6,365","1,329","3,246","12,677","2,745","6,491","5,143","2,886","4,096","17,637","4,969","7,084","5,584","9,793","4,519","5,060","7,100","9,965","5,702","4,928","4,419","3,561","1,895","2,357","4,122"
2021년12월_여_90~99세,"42,284","3,125",989,909,530,697,"3,163",665,695,"1,803","1,501","1,748",801,947,"2,491",884,"1,566",444,"1,805","1,020",785,"3,873","1,661","1,122","1,090",292,485,"2,252",442,"1,212",917,597,870,"3,278",973,"1,287","1,018","1,689",763,892,"1,307","1,806","1,035",896,766,694,308,383,800
2021년12월_여_100세 이상,"1,412",120,30,41,23,26,102,26,23,53,47,51,25,26,96,24,48,17,63,36,27,114,53,23,38,9,13,93,15,46,31,18,33,124,27,53,44,49,20,28,37,45,38,26,27,21,12,15,30
